0.0 0.3838814188413597 0.6387443053355489 0.8771760167130169 1.1017638157657674 1.3293440409803225 1.553145677875638 1.770734914911354 1.9902466999321748 2.159362935681257 2.270328298905949 2.2838360302547644 2.404943666428631 2.430150408062995 2.4847796083259897 2.3775704747373325 2.421127356005561 2.4625778495025736 2.4623652814765 2.6004346779769887 2.475870945924071 2.4303159489993686 2.2929954592120385 2.2226657567833765 2.1697034655882357 2.0830068254649268 2.039134245763409 2.1171556625791386 2.189589346967689 2.1904402241591923 2.2284771294953445 2.353772271398435 2.4118262252671125 2.4731779372742224 2.4500264126017344 2.518988799684457 0.3838814188413597 0.0 0.38560087109094876 0.6419598963774574 0.8898824449958218 1.1436498979992205 1.3804116783689488 1.6162023340552412 1.8476089162116422 2.030263217299895 2.1426453994923667 2.1634357707471734 2.29684103427579 2.3316589262773193 2.393374738276963 2.275194895545472 2.326173084600412 2.375586284567959 2.377786658291539 2.5276223985959048 2.3953898478741364 2.3517437457445096 2.197233875414543 2.1182055906845285 2.0564837026634946 1.9620905793577734 1.9087382880734538 1.9902912603329572 2.0714056953930724 2.070932774906905 2.113042864573254 2.2504094277538624 2.320416043731856 2.39124378419913 2.3724733203967934 2.4511964034551754 0.6387443053355489 0.38560087109094876 0.0 0.3854954398621959 0.6446222065201133 0.9176789868231369 1.174858158672597 1.4200113665301186 1.659776838590186 1.8558046478093497 1.9775480335458269 2.0084053686438628 2.1580720448277138 2.2008390508485105 2.2737489777834528 2.147404707813245 2.198380985131549 2.2518713752206407 2.2491804600898107 2.4142772236218915 2.268916989258971 2.2171392104942504 2.0492910875055528 1.9673340236727843 1.8986231846110992 1.7951762260021407 1.739411836936706 1.83011860597009 1.9220268831559715 1.9256281819045653 1.97301247579136 2.1249426368205695 2.207919434154202 2.2927448922069398 2.2814163301035935 2.372748726195655 0.8771760167130169 0.6419598963774574 0.3854954398621959 0.0 0.385780539518341 0.6687831723990705 0.9348259661643574 1.2019844534925161 1.451594691592695 1.6624095477862526 1.7946201718253387 1.8386937523837577 2.0038682835782327 2.0597099589857977 2.1466969852805735 2.0156633977038583 2.0746092462820744 2.1401069298040682 2.13863464230902 2.3195165617623545 2.1682883675514955 2.1181880105975823 1.9389303630390635 1.84344252915074 1.7523997012770596 1.6353077030215204 1.5647748045290393 1.6601991615510976 1.765962549761649 1.772540778710929 1.8318051294716242 2.0042285320496944 2.1053137248120306 2.206338836292504 2.210336808377266 2.3144626123739465 1.1017638157657674 0.8898824449958218 0.6446222065201133 0.385780539518341 0.0 0.3884939640021635 0.6691998155570376 0.9037745319404109 1.1581402285507258 1.3775852078367892 1.5205935924150153 1.5763940961871148 1.7583895577857092 1.8277488695722321 1.9315399582273518 1.7986275119005264 1.8610587378330314 1.9426990434634974 1.9459324438638272 2.1507752201572323 2.002895227072106 1.9553955759697097 1.7712076591788901 1.653240273224463 1.5296494396944602 1.3982778945903087 1.3108783412500555 1.3987426689632618 1.5142607258546303 1.5253975395161565 1.6061417669752458 1.8034694582719417 1.9323890495522964 2.0568094117040565 2.07305990963929 2.1906702009032015 1.3293440409803225 1.1436498979992205 0.9176789868231369 0.6687831723990705 0.3884939640021635 0.0 0.3847440272946732 0.6148036882174371 0.881389321307901 1.12051355928227 1.2581909089392833 1.3351207375342509 1.5449885409325455 1.6437042237732342 1.7587923960455296 1.6153672128159091 1.6875075996106776 1.7839422422617368 1.7847491423207409 2.006084004486296 1.8617429943356476 1.8246540454684126 1.635422582523455 1.4922705323157266 1.3371254351846062 1.1989726889640244 1.0838989181495267 1.1723958872864075 1.3064790285117707 1.340010097238594 1.4619241677152826 1.6902745448791774 1.8601740091923482 2.0072913705073727 2.032598336525191 2.1608261816408776 1.553145677875638 1.3804116783689488 1.174858158672597 0.9348259661643574 0.6691998155570376 0.3847440272946732 0.0 0.3860127680879139 0.6470414293684019 0.9195792410410318 1.0763325401864503 1.2002732332003236 1.4320469986818516 1.5678420645883577 1.7046165187488327 1.5694888668188764 1.6633081607773161 1.782633444518717 1.7878019733520176 2.0192754261769603 1.8841041049177634 1.8561069239151018 1.6616773203156736 1.4897838799761822 1.3097492955675145 1.1759685508323225 0.9806877810977905 1.0657264753970437 1.2454306040785783 1.2904298331819473 1.450260091841051 1.7031153614403838 1.8936263604621975 2.0551135576113624 2.0858029787578762 2.218623125182444 1.770734914911354 1.6162023340552412 1.4200113665301186 1.2019844534925161 0.9037745319404109 0.6148036882174371 0.3860127680879139 0.0 0.38527905938928536 0.6422647307472132 0.801032332842073 0.9207465061057591 1.1676362682796158 1.3228513321109279 1.47354712388328 1.3441080543112964 1.436635162496883 1.5691697344668758 1.5872052487449273 1.8346401598259683 1.7232627206052438 1.7154275347594332 1.5438278602195057 1.3569931770357793 1.1449190752104161 1.0312295303082777 0.8284730898146229 0.8369483130699124 1.0074669179746767 1.0694172985252572 1.278661745249249 1.5450723774509738 1.7679582043214772 1.952624392415372 1.9899372392580759 2.13384162294921 1.9902466999321748 1.8476089162116422 1.659776838590186 1.451594691592695 1.1581402285507258 0.881389321307901 0.6470414293684019 0.38527905938928536 0.0 0.38668301822507156 0.5881260465952343 0.7922867749251825 1.0810544917596234 1.2885425827123977 1.4672488744355126 1.345244730248015 1.4272532258848436 1.5696540681824547 1.5656964643316433 1.8147367824865461 1.7167821940177457 1.7201157397554723 1.5466499770947801 1.3302813489326808 1.1056000431449404 1.0169549660145423 0.7673414013146054 0.7475749346264818 0.9674966107483842 1.0596433115580504 1.2882336579271212 1.551870091649728 1.7851950861092667 1.9777379421147845 2.0169219199951747 2.1641952524547983 2.159362935681257 2.030263217299895 1.8558046478093497 1.6624095477862526 1.3775852078367892 1.12051355928227 0.9195792410410318 0.6422647307472132 0.38668301822507156 0.0 0.3867288210611602 0.6067702759401421 0.8466611164667533 1.0686379741640193 1.2892456165785713 1.2236446794922842 1.3121274430079253 1.4644878982265535 1.4845409365997368 1.755850567348104 1.70490504076805 1.7314034499830544 1.6021973381699663 1.387546195860191 1.1354863258039285 1.061324011079569 0.8845850436022792 0.780275604167226 0.8860943075286356 0.9434780977710183 1.2101760446623089 1.4699314223248232 1.7124481957813202 1.9235358694782712 1.9663098253673197 2.1297210292701245 2.270328298905949 2.1426453994923667 1.9775480335458269 1.7946201718253387 1.5205935924150153 1.2581909089392833 1.0763325401864503 0.801032332842073 0.5881260465952343 0.3867288210611602 0.0 0.38689335964246563 0.6737137370333233 0.9766403685681265 1.14643946227621 1.065390234550406 1.1880994830400924 1.3816770072476787 1.4377269505451484 1.6977087572943255 1.6743440335010387 1.7602763143268756 1.6551206575861965 1.4555848734521777 1.2009878515977725 1.2178115883745195 1.0450260889380902 0.8273113881500356 0.9370722345555252 1.0330855619741062 1.3515913860370707 1.613729994658462 1.8711010433306388 2.088306706971478 2.1333779404196562 2.2963632225998682 2.2838360302547644 2.1634357707471734 2.0084053686438628 1.8386937523837577 1.5763940961871148 1.3351207375342509 1.2002732332003236 0.9207465061057591 0.7922867749251825 0.6067702759401421 0.38689335964246563 0.0 0.3860268425554177 0.6699506332535197 0.8322146546640375 0.743968016270016 0.8637465066363715 1.0700247005400008 1.1704684968743795 1.437213916393873 1.4521580083335968 1.571392010459895 1.5160442349847483 1.340965881529455 1.0829923849340177 1.1612856255972184 1.065610341659857 0.7931758307970156 0.8146056441009044 0.9824062336495236 1.3054818151356458 1.5429800081135432 1.8043112892104152 2.020923461781765 2.0656598937352557 2.2334863073448683 2.404943666428631 2.29684103427579 2.1580720448277138 2.0038682835782327 1.7583895577857092 1.5449885409325455 1.4320469986818516 1.1676362682796158 1.0810544917596234 0.8466611164667533 0.6737137370333233 0.3860268425554177 0.0 0.38566258390859925 0.5577107915112333 0.6290280839199276 0.7991764400219932 1.004022274188626 1.1778852554680692 1.4610642585944844 1.5360064638571813 1.6827960582605943 1.690517875479678 1.5458365886327692 1.2932609048614139 1.3633086577523514 1.3320506913322654 1.0759345240014722 0.9902230643233251 1.0723482198702576 1.3584215669030157 1.5613144743544276 1.7974205909995273 2.0109868770556245 2.0580734533579896 2.226677282677397 2.430150408062995 2.3316589262773193 2.2008390508485105 2.0597099589857977 1.8277488695722321 1.6437042237732342 1.5678420645883577 1.3228513321109279 1.2885425827123977 1.0686379741640193 0.9766403685681265 0.6699506332535197 0.38566258390859925 0.0 0.3858361167094729 0.5705932161569942 0.6635990785808003 0.7910422337897789 1.017054986272031 1.3040330899870576 1.4198381134303335 1.5772578376929247 1.6408682968954504 1.5313970898991605 1.3084266879946576 1.3774076372433044 1.4232323300084775 1.199889323773202 1.0520405084353532 1.1213700691128898 1.3442317519250913 1.4980784435585337 1.7035976190417164 1.9057793732437946 1.9564823090718821 2.1266068236945483 2.4847796083259897 2.393374738276963 2.2737489777834528 2.1466969852805735 1.9315399582273518 1.7587923960455296 1.7046165187488327 1.47354712388328 1.4672488744355126 1.2892456165785713 1.14643946227621 0.8322146546640375 0.5577107915112333 0.3858361167094729 0.0 0.3876466181225341 0.6118353082784873 0.8200761800190268 1.0999503535913102 1.344507882944606 1.4705094209933134 1.6521422529854437 1.7373367462804974 1.6536560392913688 1.443817738160938 1.548984028177104 1.5965625118397142 1.3414042766692007 1.199536705704311 1.2631248674830178 1.5035817295402258 1.6417163443837814 1.840973804680695 2.033532619790175 2.0814219632853317 2.2428835028253125 2.3775704747373325 2.275194895545472 2.147404707813245 2.0156633977038583 1.7986275119005264 1.6153672128159091 1.5694888668188764 1.3441080543112964 1.345244730248015 1.2236446794922842 1.065390234550406 0.743968016270016 0.6290280839199276 0.5705932161569942 0.3876466181225341 0.0 0.38548960202118265 0.681919012951423 0.9398001151537748 1.1657663646534497 1.2486736160397258 1.435118216236539 1.4952038956610127 1.4093604152269648 1.209628270897555 1.360760151246614 1.3992630204921732 1.1240089323881854 1.0186672197996811 1.1590904403259037 1.4381221240270672 1.602537020646419 1.8367797907990746 2.038549612897744 2.086207893210797 2.2513697086743436 2.421127356005561 2.326173084600412 2.198380985131549 2.0746092462820744 1.8610587378330314 1.6875075996106776 1.6633081607773161 1.436635162496883 1.4272532258848436 1.3121274430079253 1.1880994830400924 0.8637465066363715 0.7991764400219932 0.6635990785808003 0.6118353082784873 0.38548960202118265 0.0 0.3871633043247453 0.6754754061340782 0.8839958993005975 0.9854921796717827 1.19484982338404 1.2852429350867527 1.2234837021928051 1.0646830510634735 1.2506808905146733 1.3521069221043112 1.091388401888518 0.9373583540671546 1.1113607854760494 1.3525150434720523 1.4728670479376424 1.7153559847855315 1.9111730761654724 1.9550467721693363 2.119787292886784 2.4625778495025736 2.375586284567959 2.2518713752206407 2.1401069298040682 1.9426990434634974 1.7839422422617368 1.782633444518717 1.5691697344668758 1.5696540681824547 1.4644878982265535 1.3816770072476787 1.0700247005400008 1.004022274188626 0.7910422337897789 0.8200761800190268 0.681919012951423 0.3871633043247453 0.0 0.3879808931428409 0.6090160485622979 0.7749547002608559 0.9823533779639713 1.141916437014201 1.1225816863830647 1.0163514488123326 1.1920568350759377 1.3754637872459876 1.1694349341702088 0.9561288333343002 1.092616542579019 1.253747023381803 1.3301521686642732 1.5648236364831953 1.7486856621746605 1.801631837181376 1.9683218875948736 2.4623652814765 2.377786658291539 2.2491804600898107 2.13863464230902 1.9459324438638272 1.7847491423207409 1.7878019733520176 1.5872052487449273 1.5656964643316433 1.4845409365997368 1.4377269505451484 1.1704684968743795 1.1778852554680692 1.017054986272031 1.0999503535913102 0.9398001151537748 0.6754754061340782 0.3879808931428409 0.0 0.386236949659099 0.5659257515528562 0.7421555749878694 0.9140060731979522 0.8893207242201809 0.8260479882718622 1.0189988064921889 1.250434567712018 1.103980229301412 0.9098505234159109 1.0924081447611302 1.1918350721995514 1.2555612622163062 1.4968447993622795 1.6684756790829716 1.72983663212812 1.8966413509491147 2.6004346779769887 2.5276223985959048 2.4142772236218915 2.3195165617623545 2.1507752201572323 2.006084004486296 2.0192754261769603 1.8346401598259683 1.8147367824865461 1.755850567348104 1.6977087572943255 1.437213916393873 1.4610642585944844 1.3040330899870576 1.344507882944606 1.1657663646534497 0.8839958993005975 0.6090160485622979 0.386236949659099 0.0 0.38607448468586153 0.662175204081131 0.8824401723981264 0.9455294968147268 0.9749375482691554 1.212712459607879 1.4393934363345802 1.305332887070568 1.161405873536913 1.3753550741102016 1.4646414724708203 1.5009189775960383 1.7287270857478432 1.8777183017317856 1.9315619235626713 2.0775611232167415 2.475870945924071 2.3953898478741364 2.268916989258971 2.1682883675514955 2.002895227072106 1.8617429943356476 1.8841041049177634 1.7232627206052438 1.7167821940177457 1.70490504076805 1.6743440335010387 1.4521580083335968 1.5360064638571813 1.4198381134303335 1.4705094209933134 1.2486736160397258 0.9854921796717827 0.7749547002608559 0.5659257515528562 0.38607448468586153 0.0 0.38627416085575345 0.5680291900464426 0.7200167122044527 0.8234519548101515 1.0907375828043104 1.3196332943223825 1.2354499877322285 1.1501163376220211 1.397693821066641 1.478858868337374 1.536189318134414 1.7756343451713401 1.922737213068515 1.9719714307866378 2.1157623850006995 2.4303159489993686 2.3517437457445096 2.2171392104942504 2.1181880105975823 1.9553955759697097 1.8246540454684126 1.8561069239151018 1.7154275347594332 1.7201157397554723 1.7314034499830544 1.7602763143268756 1.571392010459895 1.6827960582605943 1.5772578376929247 1.6521422529854437 1.435118216236539 1.19484982338404 0.9823533779639713 0.7421555749878694 0.662175204081131 0.38627416085575345 0.0 0.387742192673042 0.6380522575704853 0.8043210857301967 1.0185182410948308 1.287507489032009 1.2734967976211395 1.1960448204399894 1.421147216268524 1.4487979809083138 1.4905068220126725 1.7104607298644097 1.8393274426128599 1.8911684470915007 2.026524014852309 2.2929954592120385 2.197233875414543 2.0492910875055528 1.9389303630390635 1.7712076591788901 1.635422582523455 1.6616773203156736 1.5438278602195057 1.5466499770947801 1.6021973381699663 1.6551206575861965 1.5160442349847483 1.690517875479678 1.6408682968954504 1.7373367462804974 1.4952038956610127 1.2852429350867527 1.141916437014201 0.9140060731979522 0.8824401723981264 0.5680291900464426 0.387742192673042 0.0 0.3842663312877856 0.6309321898601932 0.8387160908061924 1.0663422523310744 1.1035752275937194 1.1094799777521538 1.3654380198905687 1.4146242070611756 1.5062280643298975 1.7375736297334856 1.8753223047332899 1.9205211694958255 2.057567409588883 2.2226657567833765 2.1182055906845285 1.9673340236727843 1.84344252915074 1.653240273224463 1.4922705323157266 1.4897838799761822 1.3569931770357793 1.3302813489326808 1.387546195860191 1.4555848734521777 1.340965881529455 1.5458365886327692 1.5313970898991605 1.6536560392913688 1.4093604152269648 1.2234837021928051 1.1225816863830647 0.8893207242201809 0.9455294968147268 0.7200167122044527 0.6380522575704853 0.3842663312877856 0.0 0.3857137582639417 0.607027699613643 0.8021757628488944 0.8585237724988968 0.9050314610884629 1.1812383092098664 1.261537358887815 1.3891093925782863 1.6329583443630995 1.7846122946807135 1.8301775555500108 1.9753858923990884 2.1697034655882357 2.0564837026634946 1.8986231846110992 1.7523997012770596 1.5296494396944602 1.3371254351846062 1.3097492955675145 1.1449190752104161 1.1056000431449404 1.1354863258039285 1.2009878515977725 1.0829923849340177 1.2932609048614139 1.3084266879946576 1.443817738160938 1.209628270897555 1.0646830510634735 1.0163514488123326 0.8260479882718622 0.9749375482691554 0.8234519548101515 0.8043210857301967 0.6309321898601932 0.3857137582639417 0.0 0.3872495090440732 0.565406640336225 0.5686990213349328 0.6155724258714474 0.9235189865006086 1.057426778391677 1.2310074921608893 1.4944299172502797 1.677382794209263 1.728010876788811 1.8966847502394377 2.0830068254649268 1.9620905793577734 1.7951762260021407 1.6353077030215204 1.3982778945903087 1.1989726889640244 1.1759685508323225 1.0312295303082777 1.0169549660145423 1.061324011079569 1.2178115883745195 1.1612856255972184 1.3633086577523514 1.3774076372433044 1.548984028177104 1.360760151246614 1.2506808905146733 1.1920568350759377 1.0189988064921889 1.212712459607879 1.0907375828043104 1.0185182410948308 0.8387160908061924 0.607027699613643 0.3872495090440732 0.0 0.3875821318877677 0.5690116489354724 0.5853327330731695 0.7894012268314321 0.8663867900477854 1.0492176063160479 1.2923063029421729 1.4727224768546379 1.5236688483530147 1.6971775232049802 2.039134245763409 1.9087382880734538 1.739411836936706 1.5647748045290393 1.3108783412500555 1.0838989181495267 0.9806877810977905 0.8284730898146229 0.7673414013146054 0.8845850436022792 1.0450260889380902 1.065610341659857 1.3320506913322654 1.4232323300084775 1.5965625118397142 1.3992630204921732 1.3521069221043112 1.3754637872459876 1.250434567712018 1.4393934363345802 1.3196332943223825 1.287507489032009 1.0663422523310744 0.8021757628488944 0.565406640336225 0.3875821318877677 0.0 0.38715807336122277 0.6131515900245795 0.836700226941071 0.9974268068463725 1.2314066338200107 1.482215311018727 1.667287450378613 1.707896817968018 1.8696449429102286 2.1171556625791386 1.9902912603329572 1.83011860597009 1.6601991615510976 1.3987426689632618 1.1723958872864075 1.0657264753970437 0.8369483130699124 0.7475749346264818 0.780275604167226 0.8273113881500356 0.7931758307970156 1.0759345240014722 1.199889323773202 1.3414042766692007 1.1240089323881854 1.091388401888518 1.1694349341702088 1.103980229301412 1.305332887070568 1.2354499877322285 1.2734967976211395 1.1035752275937194 0.8585237724988968 0.5686990213349328 0.5690116489354724 0.38715807336122277 0.0 0.3857596101219552 0.6789496571178513 0.9427256202189115 1.19272487352405 1.472578937450931 1.6828259554490004 1.7276783588122875 1.9029125707006245 2.189589346967689 2.0714056953930724 1.9220268831559715 1.765962549761649 1.5142607258546303 1.3064790285117707 1.2454306040785783 1.0074669179746767 0.9674966107483842 0.8860943075286356 0.9370722345555252 0.8146056441009044 0.9902230643233251 1.0520405084353532 1.199536705704311 1.0186672197996811 0.9373583540671546 0.9561288333343002 0.9098505234159109 1.161405873536913 1.1501163376220211 1.1960448204399894 1.1094799777521538 0.9050314610884629 0.6155724258714474 0.5853327330731695 0.6131515900245795 0.3857596101219552 0.0 0.3850952147061217 0.6529995399698668 0.8845887104991649 1.179354508446121 1.4086466395409152 1.4643610565690452 1.6622177334885122 2.1904402241591923 2.070932774906905 1.9256281819045653 1.772540778710929 1.5253975395161565 1.340010097238594 1.2904298331819473 1.0694172985252572 1.0596433115580504 0.9434780977710183 1.0330855619741062 0.9824062336495236 1.0723482198702576 1.1213700691128898 1.2631248674830178 1.1590904403259037 1.1113607854760494 1.092616542579019 1.0924081447611302 1.3753550741102016 1.397693821066641 1.421147216268524 1.3654380198905687 1.1812383092098664 0.9235189865006086 0.7894012268314321 0.836700226941071 0.6789496571178513 0.3850952147061217 0.0 0.3855876593820369 0.6539666893185634 0.9363242886125557 1.1871059569873004 1.252491951522317 1.4689597231289195 2.2284771294953445 2.113042864573254 1.97301247579136 1.8318051294716242 1.6061417669752458 1.4619241677152826 1.450260091841051 1.278661745249249 1.2882336579271212 1.2101760446623089 1.3515913860370707 1.3054818151356458 1.3584215669030157 1.3442317519250913 1.5035817295402258 1.4381221240270672 1.3525150434720523 1.253747023381803 1.1918350721995514 1.4646414724708203 1.478858868337374 1.4487979809083138 1.4146242070611756 1.261537358887815 1.057426778391677 0.8663867900477854 0.9974268068463725 0.9427256202189115 0.6529995399698668 0.3855876593820369 0.0 0.3853349538593881 0.6404164159543166 0.8967872320457559 0.9886615978341716 1.2244662028997153 2.353772271398435 2.2504094277538624 2.1249426368205695 2.0042285320496944 1.8034694582719417 1.6902745448791774 1.7031153614403838 1.5450723774509738 1.551870091649728 1.4699314223248232 1.613729994658462 1.5429800081135432 1.5613144743544276 1.4980784435585337 1.6417163443837814 1.602537020646419 1.4728670479376424 1.3301521686642732 1.2555612622163062 1.5009189775960383 1.536189318134414 1.4905068220126725 1.5062280643298975 1.3891093925782863 1.2310074921608893 1.0492176063160479 1.2314066338200107 1.19272487352405 0.8845887104991649 0.6539666893185634 0.3853349538593881 0.0 0.38687039526850237 0.6540123811289285 0.7645721718585743 1.026320351413854 2.4118262252671125 2.320416043731856 2.207919434154202 2.1053137248120306 1.9323890495522964 1.8601740091923482 1.8936263604621975 1.7679582043214772 1.7851950861092667 1.7124481957813202 1.8711010433306388 1.8043112892104152 1.7974205909995273 1.7035976190417164 1.840973804680695 1.8367797907990746 1.7153559847855315 1.5648236364831953 1.4968447993622795 1.7287270857478432 1.7756343451713401 1.7104607298644097 1.7375736297334856 1.6329583443630995 1.4944299172502797 1.2923063029421729 1.482215311018727 1.472578937450931 1.179354508446121 0.9363242886125557 0.6404164159543166 0.38687039526850237 0.0 0.3855110291836755 0.597924252307152 0.8817136782904283 2.4731779372742224 2.39124378419913 2.2927448922069398 2.206338836292504 2.0568094117040565 2.0072913705073727 2.0551135576113624 1.952624392415372 1.9777379421147845 1.9235358694782712 2.088306706971478 2.020923461781765 2.0109868770556245 1.9057793732437946 2.033532619790175 2.038549612897744 1.9111730761654724 1.7486856621746605 1.6684756790829716 1.8777183017317856 1.922737213068515 1.8393274426128599 1.8753223047332899 1.7846122946807135 1.677382794209263 1.4727224768546379 1.667287450378613 1.6828259554490004 1.4086466395409152 1.1871059569873004 0.8967872320457559 0.6540123811289285 0.3855110291836755 0.0 0.3863790927681806 0.6330899740658943 2.4500264126017344 2.3724733203967934 2.2814163301035935 2.210336808377266 2.07305990963929 2.032598336525191 2.0858029787578762 1.9899372392580759 2.0169219199951747 1.9663098253673197 2.1333779404196562 2.0656598937352557 2.0580734533579896 1.9564823090718821 2.0814219632853317 2.086207893210797 1.9550467721693363 1.801631837181376 1.72983663212812 1.9315619235626713 1.9719714307866378 1.8911684470915007 1.9205211694958255 1.8301775555500108 1.728010876788811 1.5236688483530147 1.707896817968018 1.7276783588122875 1.4643610565690452 1.252491951522317 0.9886615978341716 0.7645721718585743 0.597924252307152 0.3863790927681806 0.0 0.38631950578167623 2.518988799684457 2.4511964034551754 2.372748726195655 2.3144626123739465 2.1906702009032015 2.1608261816408776 2.218623125182444 2.13384162294921 2.1641952524547983 2.1297210292701245 2.2963632225998682 2.2334863073448683 2.226677282677397 2.1266068236945483 2.2428835028253125 2.2513697086743436 2.119787292886784 1.9683218875948736 1.8966413509491147 2.0775611232167415 2.1157623850006995 2.026524014852309 2.057567409588883 1.9753858923990884 1.8966847502394377 1.6971775232049802 1.8696449429102286 1.9029125707006245 1.6622177334885122 1.4689597231289195 1.2244662028997153 1.026320351413854 0.8817136782904283 0.6330899740658943 0.38631950578167623 0.0
