0.0 0.384119396298523 0.6551790676493783 0.871319051556212 1.0204321804247467 1.199088093367454 1.4027574200090558 1.5220177627949936 1.6112845643823914 1.750358928024139 1.8880384930286493 2.0108221960772554 2.136352553536927 2.1920407196783143 2.314153487333459 2.378050888488836 2.5102846516295445 2.5496294613275428 2.6016293123420065 2.617235788934984 2.6044349176222807 2.6447770552301915 2.6014951402759285 2.5837607087931094 2.644787623515645 2.725868601848563 2.731117454017409 2.6821439959618116 2.6096243485361503 2.562769704705398 2.560980659635491 2.5501444395929593 2.569661181515164 2.5903634599247054 2.6223526482066637 0.384119396298523 0.0 0.38561804815594886 0.6097946173807273 0.7992143688915186 1.0226028108896625 1.2442233278166754 1.3672198611031294 1.479601518377994 1.6318062741134995 1.7722233612620795 1.905346726047566 2.040730052490268 2.095328673306768 2.220930218339631 2.2830153985116026 2.421367401083495 2.463270921245212 2.5192134808861324 2.5314352086448264 2.524888727603495 2.565125916952757 2.514752221571162 2.496091453722056 2.5648309250475263 2.644530649334933 2.648381024266266 2.6013746022841704 2.527487301052606 2.4776561720999024 2.4795303810419536 2.462236036919586 2.4911375725192157 2.536479276631544 2.589494467870923 0.6551790676493783 0.38561804815594886 0.0 0.386205743882304 0.6299226359339218 0.8224154507052039 1.0509983015884985 1.1955853969828125 1.3280905649877686 1.4859356340281376 1.6406878421929025 1.7908189920211235 1.9306149436597722 1.9821106436030291 2.111175762504974 2.1775806350334905 2.3192689970260205 2.3645871030409804 2.4316924069787786 2.4524608392554237 2.453761541760454 2.507774021946285 2.451973545318665 2.433066669016935 2.514444174811749 2.6050515744004676 2.6189550921144007 2.58241919334405 2.513029723059972 2.466784015510714 2.4837502511347114 2.457320824594748 2.4868889281063646 2.556714609364561 2.5950367851637663 0.871319051556212 0.6097946173807273 0.386205743882304 0.0 0.3854476765449148 0.6265394097615362 0.8598200462847145 1.0184589756765052 1.1776118754101332 1.3532037418635796 1.515396300049996 1.675853753482523 1.8278161651228373 1.8771759180154188 2.012801772300274 2.0799987626040557 2.227518604397992 2.277839218530321 2.3510403288752157 2.372013285283341 2.3840376013885587 2.447404790969698 2.390609224495051 2.3646164227158337 2.446737127372499 2.53997198633424 2.5543387949011835 2.5207117077156296 2.456370414298292 2.4219071756939945 2.4564741171951683 2.440910938154976 2.4983047063753157 2.589888563492353 2.6366925089608904 1.0204321804247467 0.7992143688915186 0.6299226359339218 0.3854476765449148 0.0 0.3871585993754476 0.6324998062994739 0.7929142814458155 0.9530192230708139 1.140393760590166 1.3122568500569805 1.4752502427678287 1.6423724523882588 1.7009131983130465 1.8507436090634144 1.926374863421593 2.08515761093972 2.1497116684846374 2.2359106338751378 2.2624832960043957 2.291188715030836 2.3749131566083643 2.3123226332664317 2.27137000173264 2.366907600000821 2.4696914290177343 2.490557016271375 2.456544143019531 2.3928193511594555 2.3648420511072765 2.4170789486326982 2.4176660591178614 2.4914085143342555 2.601761164160759 2.660183911787759 1.199088093367454 1.0226028108896625 0.8224154507052039 0.6265394097615362 0.3871585993754476 0.0 0.3865956503619365 0.6023824654006885 0.7662525877422681 0.9520994611114801 1.1527833470060471 1.3312255316035493 1.4986048014286575 1.5641172586032839 1.7266406745343985 1.8159000552702764 1.9803439026422556 2.048364817841647 2.1502329453037508 2.192389976747115 2.2344481614979506 2.337362027655046 2.2801869975163953 2.231872423819456 2.334178936743201 2.447645115243894 2.4779834851637195 2.4522898961427484 2.3988830237025045 2.382098544835511 2.452272508963283 2.4648046875832517 2.5446035513885086 2.66467061903662 2.724136950583965 1.4027574200090558 1.2442233278166754 1.0509983015884985 0.8598200462847145 0.6324998062994739 0.3865956503619365 0.0 0.3846284087885455 0.6204282766983125 0.800392678680064 1.0123569525921774 1.2219483257181185 1.405710851473239 1.4659547992584638 1.6359612359897102 1.7256447131198471 1.8911359894657198 1.9642613985232518 2.067694853061899 2.1093271562937863 2.1605337584677105 2.2771104350324634 2.2255149393627596 2.167787046493017 2.271625738534743 2.397154463518118 2.4372604561743527 2.419381741699998 2.378913624392715 2.376924388707743 2.4584604420014715 2.479380813901156 2.5640933346488106 2.686287003084316 2.751093722441179 1.5220177627949936 1.3672198611031294 1.1955853969828125 1.0184589756765052 0.7929142814458155 0.6023824654006885 0.3846284087885455 0.0 0.38705767050581374 0.6260948376049615 0.8199903608993935 1.042542186186227 1.2472914015971668 1.3185319652312995 1.4893789991115787 1.5814798714071652 1.7614603756967444 1.8563236002232102 1.9631251579144853 1.9997391020087985 2.074354510218325 2.1976039152197813 2.1431280153660097 2.066711285037482 2.1732110217327953 2.3020258758137015 2.351492754049366 2.343490906276417 2.318814665236123 2.3411321264828637 2.4363245851703437 2.4688647827426915 2.5653230816665604 2.6954149083156933 2.769358517262799 1.6112845643823914 1.479601518377994 1.3280905649877686 1.1776118754101332 0.9530192230708139 0.7662525877422681 0.6204282766983125 0.38705767050581374 0.0 0.3852606837069227 0.6300013002091768 0.8356390949615408 1.0437610421888661 1.1538560851620783 1.3447765142132473 1.470988392281226 1.6737295807907 1.7902404577252515 1.9221979390268462 1.9633835092980707 2.055373950324732 2.181431863130255 2.1384756808586536 2.060617769978623 2.162099874410874 2.2791695454557326 2.3324303267154307 2.3221356585378485 2.3083776843897543 2.3396219761847834 2.4400863904368695 2.4772668353571987 2.5758525328787467 2.7099153679115098 2.7887911402688714 1.750358928024139 1.6318062741134995 1.4859356340281376 1.3532037418635796 1.140393760590166 0.9520994611114801 0.800392678680064 0.6260948376049615 0.3852606837069227 0.0 0.38545735940463854 0.634714789585799 0.8218422506648861 0.9320499095269452 1.151578503317705 1.3042627476340267 1.514348786438191 1.643573443005705 1.798661471512899 1.8492138652697157 1.9548083277607773 2.092808241420473 2.0692869097420545 1.9901193639344954 2.083214664740013 2.1943795003470576 2.2649212168185016 2.257863321539051 2.2627476423973953 2.3065277021312416 2.4200405553347526 2.4678235904549 2.5761478528871433 2.719426564947099 2.807900329211573 1.8880384930286493 1.7722233612620795 1.6406878421929025 1.515396300049996 1.3122568500569805 1.1527833470060471 1.0123569525921774 0.8199903608993935 0.6300013002091768 0.38545735940463854 0.0 0.3870188675621441 0.5916158376235383 0.7143263863817411 0.9459206990151013 1.112607929536987 1.342212474583415 1.4888454774129882 1.6525991287039947 1.7075872638920884 1.8395519876946431 1.984700559594001 1.9792642374086609 1.891636663493927 1.9849943990882033 2.088284788758309 2.153552629311542 2.137826940560905 2.1707527214175135 2.222180876035148 2.3474448220934567 2.4047150248901867 2.525246549922736 2.6822515773275657 2.785747921999235 2.0108221960772554 1.905346726047566 1.7908189920211235 1.675853753482523 1.4752502427678287 1.3312255316035493 1.2219483257181185 1.042542186186227 0.8356390949615408 0.634714789585799 0.3870188675621441 0.0 0.3866481356103554 0.612503079649268 0.8629216056513636 1.0578780768522336 1.303845853272525 1.4663112575751345 1.641459925069348 1.700155547526317 1.8329634927374898 1.974652609559604 1.974550034203323 1.8846335923405841 1.9738918026286332 2.083717066040579 2.1455747172666753 2.1198086189647527 2.1532352594878548 2.2032597168510564 2.3294619590246772 2.3911722370643984 2.513399563612977 2.67427545507625 2.7840614395425205 2.136352553536927 2.040730052490268 1.9306149436597722 1.8278161651228373 1.6423724523882588 1.4986048014286575 1.405710851473239 1.2472914015971668 1.0437610421888661 0.8218422506648861 0.5916158376235383 0.3866481356103554 0.0 0.38558398423671936 0.6687309613281835 0.9304806483227754 1.1749869260883856 1.3469038491633953 1.5550851932557335 1.6376824158662628 1.784954401866298 1.9388967533847494 1.9515905328575474 1.8722724097414314 1.9704684991850168 2.0791184635211395 2.1451600119677945 2.12260249647996 2.1729984331972494 2.218568479355771 2.3445137551774717 2.4100078032718986 2.5342223014528953 2.6994556114803934 2.813147336483045 2.1920407196783143 2.095328673306768 1.9821106436030291 1.8771759180154188 1.7009131983130465 1.5641172586032839 1.4659547992584638 1.3185319652312995 1.1538560851620783 0.9320499095269452 0.7143263863817411 0.612503079649268 0.38558398423671936 0.0 0.3862571883959712 0.6376445818589636 0.8640697956042784 1.0363733280354974 1.2634995501914443 1.370407208831176 1.535006462061067 1.7076960453660728 1.7281945917350032 1.64530859883699 1.7516632185795182 1.8656371000900827 1.9439961715515874 1.9398549474059763 2.0033231555444706 2.056526662393364 2.2026822717861707 2.2813327480453287 2.424593405664779 2.6135641597456662 2.747724379881518 2.314153487333459 2.220930218339631 2.111175762504974 2.012801772300274 1.8507436090634144 1.7266406745343985 1.6359612359897102 1.4893789991115787 1.3447765142132473 1.151578503317705 0.9459206990151013 0.8629216056513636 0.6687309613281835 0.3862571883959712 0.0 0.38451723132795573 0.6309072862810516 0.84797543967588 1.1012330775114796 1.227346003258629 1.4150226640241503 1.5859504435689495 1.62276143015951 1.5410118995569078 1.6432652652104978 1.7627247491136129 1.8487428555537957 1.8586871867971144 1.9365409467038106 1.988333365283982 2.1378760280853335 2.220656762716146 2.36832694601736 2.5665260568756993 2.707880935816639 2.378050888488836 2.2830153985116026 2.1775806350334905 2.0799987626040557 1.926374863421593 1.8159000552702764 1.7256447131198471 1.5814798714071652 1.470988392281226 1.3042627476340267 1.112607929536987 1.0578780768522336 0.9304806483227754 0.6376445818589636 0.38451723132795573 0.0 0.38560512906286437 0.6297718158624177 0.8415107904752137 0.9622826380308303 1.1772242766868761 1.3616392274006583 1.4009005104280454 1.3075332584596606 1.4172714845700787 1.5482489244133228 1.6491877558952364 1.679173120513028 1.7575878254808561 1.813489821398732 1.9701267974242593 2.062216926076088 2.2232477657990786 2.4371177507703026 2.5981117511046223 2.5102846516295445 2.421367401083495 2.3192689970260205 2.227518604397992 2.08515761093972 1.9803439026422556 1.8911359894657198 1.7614603756967444 1.6737295807907 1.514348786438191 1.342212474583415 1.303845853272525 1.1749869260883856 0.8640697956042784 0.6309072862810516 0.38560512906286437 0.0 0.3863006170831217 0.6359886593213395 0.80959116776356 1.0501746819868418 1.2593977312622795 1.3075184276431782 1.21725955335361 1.3408525315255986 1.4846303294925907 1.597649793459858 1.6346050485421895 1.7098463409160989 1.7613571669678254 1.9298748292003574 2.039671937806169 2.2226179788196907 2.4471224508913387 2.622916112428896 2.5496294613275428 2.463270921245212 2.3645871030409804 2.277839218530321 2.1497116684846374 2.048364817841647 1.9642613985232518 1.8563236002232102 1.7902404577252515 1.643573443005705 1.4888454774129882 1.4663112575751345 1.3469038491633953 1.0363733280354974 0.84797543967588 0.6297718158624177 0.3863006170831217 0.0 0.38579986381164694 0.648467681276212 0.8869020651075005 1.1147904632365464 1.170355677031679 1.100871772024813 1.2440002215794255 1.4025024188594581 1.5147578731213724 1.5459481687653422 1.6171185939434825 1.6657700955059707 1.8358569147712533 1.9569747348847304 2.1516548924819885 2.3870614266384327 2.5785284259016157 2.6016293123420065 2.5192134808861324 2.4316924069787786 2.3510403288752157 2.2359106338751378 2.1502329453037508 2.067694853061899 1.9631251579144853 1.9221979390268462 1.798661471512899 1.6525991287039947 1.641459925069348 1.5550851932557335 1.2634995501914443 1.1012330775114796 0.8415107904752137 0.6359886593213395 0.38579986381164694 0.0 0.3855860204474607 0.6522052218159611 0.8966922208632244 0.9511968921174893 0.8903690312689072 1.0455276654852954 1.2185640692570527 1.3435438713818433 1.3852740744202285 1.4682331791905945 1.5328825439467844 1.725180313268949 1.868275544854939 2.0709625504701017 2.3120999170595637 2.514978297353529 2.617235788934984 2.5314352086448264 2.4524608392554237 2.372013285283341 2.2624832960043957 2.192389976747115 2.1093271562937863 1.9997391020087985 1.9633835092980707 1.8492138652697157 1.7075872638920884 1.700155547526317 1.6376824158662628 1.370407208831176 1.227346003258629 0.9622826380308303 0.80959116776356 0.648467681276212 0.3855860204474607 0.0 0.38925486409582694 0.6190230666587611 0.7140754781126476 0.6814832762072542 0.810819600142737 0.9973207898224526 1.147724611257738 1.2119132547250349 1.3339541023957833 1.427842697327272 1.6447998719925827 1.7945534360362223 2.0020083790513423 2.2496183424965475 2.461793153820239 2.6044349176222807 2.524888727603495 2.453761541760454 2.3840376013885587 2.291188715030836 2.2344481614979506 2.1605337584677105 2.074354510218325 2.055373950324732 1.9548083277607773 1.8395519876946431 1.8329634927374898 1.784954401866298 1.535006462061067 1.4150226640241503 1.1772242766868761 1.0501746819868418 0.8869020651075005 0.6522052218159611 0.38925486409582694 0.0 0.3870810957437447 0.5517058182540279 0.5414485662942226 0.657531387992645 0.885986966072509 1.048481751511105 1.1482518537174489 1.273362417225045 1.3758513516106372 1.6094990222376715 1.7781121776881457 1.987135068935708 2.234643021396773 2.451924640264185 2.6447770552301915 2.565125916952757 2.507774021946285 2.447404790969698 2.3749131566083643 2.337362027655046 2.2771104350324634 2.1976039152197813 2.181431863130255 2.092808241420473 1.984700559594001 1.974652609559604 1.9388967533847494 1.7076960453660728 1.5859504435689495 1.3616392274006583 1.2593977312622795 1.1147904632365464 0.8966922208632244 0.6190230666587611 0.3870810957437447 0.0 0.3856300046220393 0.5538542293363828 0.5494934725290193 0.6696393646632954 0.8559526033842293 0.9853132392097239 1.158059787761142 1.2831298147583499 1.5293354884834167 1.706563048161327 1.920441511414937 2.1742197077434233 2.401217723409595 2.6014951402759285 2.514752221571162 2.451973545318665 2.390609224495051 2.3123226332664317 2.2801869975163953 2.2255149393627596 2.1431280153660097 2.1384756808586536 2.0692869097420545 1.9792642374086609 1.974550034203323 1.9515905328575474 1.7281945917350032 1.62276143015951 1.4009005104280454 1.3075184276431782 1.170355677031679 0.9511968921174893 0.7140754781126476 0.5517058182540279 0.3856300046220393 0.0 0.38739831549765896 0.5711453287805354 0.5985101039086838 0.7788580945776761 0.9052941494160484 1.0854462274246517 1.2261730094820846 1.4759911474085081 1.6481948596448195 1.8568659847303237 2.1134525075108344 2.338186380052184 2.5837607087931094 2.496091453722056 2.433066669016935 2.3646164227158337 2.27137000173264 2.231872423819456 2.167787046493017 2.066711285037482 2.060617769978623 1.9901193639344954 1.891636663493927 1.8846335923405841 1.8722724097414314 1.64530859883699 1.5410118995569078 1.3075332584596606 1.21725955335361 1.100871772024813 0.8903690312689072 0.6814832762072542 0.5414485662942226 0.5538542293363828 0.38739831549765896 0.0 0.38596642165352074 0.562781439149074 0.7066221296822578 0.849859673350925 1.0074409308137653 1.1642119990065518 1.4214675061673665 1.6028058051023113 1.8149949365667404 2.075971498168761 2.30235320896933 2.644787623515645 2.5648309250475263 2.514444174811749 2.446737127372499 2.366907600000821 2.334178936743201 2.271625738534743 2.1732110217327953 2.162099874410874 2.083214664740013 1.9849943990882033 1.9738918026286332 1.9704684991850168 1.7516632185795182 1.6432652652104978 1.4172714845700787 1.3408525315255986 1.2440002215794255 1.0455276654852954 0.810819600142737 0.657531387992645 0.5494934725290193 0.5711453287805354 0.38596642165352074 0.0 0.3874385070620965 0.6008520465807348 0.7779221821304124 0.9498004827917891 1.1204962925598776 1.3836384931462726 1.5709175004881717 1.7930344444562916 2.057006746264161 2.2902087703879777 2.725868601848563 2.644530649334933 2.6050515744004676 2.53997198633424 2.4696914290177343 2.447645115243894 2.397154463518118 2.3020258758137015 2.2791695454557326 2.1943795003470576 2.088284788758309 2.083717066040579 2.0791184635211395 1.8656371000900827 1.7627247491136129 1.5482489244133228 1.4846303294925907 1.4025024188594581 1.2185640692570527 0.9973207898224526 0.885986966072509 0.6696393646632954 0.5985101039086838 0.562781439149074 0.3874385070620965 0.0 0.38617206513326185 0.6329547678063784 0.8746912254454846 1.0809218174035107 1.349995833983209 1.5458099729841799 1.771180015268443 2.0412577244291694 2.2834689309915563 2.731117454017409 2.648381024266266 2.6189550921144007 2.5543387949011835 2.490557016271375 2.4779834851637195 2.4372604561743527 2.351492754049366 2.3324303267154307 2.2649212168185016 2.153552629311542 2.1455747172666753 2.1451600119677945 1.9439961715515874 1.8487428555537957 1.6491877558952364 1.597649793459858 1.5147578731213724 1.3435438713818433 1.147724611257738 1.048481751511105 0.8559526033842293 0.7788580945776761 0.7066221296822578 0.6008520465807348 0.38617206513326185 0.0 0.385369057852592 0.6559143388692721 0.9028079445895996 1.1732869169309932 1.3920288461147778 1.621388636645206 1.8955315422112442 2.1488706691883497 2.6821439959618116 2.6013746022841704 2.58241919334405 2.5207117077156296 2.456544143019531 2.4522898961427484 2.419381741699998 2.343490906276417 2.3221356585378485 2.257863321539051 2.137826940560905 2.1198086189647527 2.12260249647996 1.9398549474059763 1.8586871867971144 1.679173120513028 1.6346050485421895 1.5459481687653422 1.3852740744202285 1.2119132547250349 1.1482518537174489 0.9853132392097239 0.9052941494160484 0.849859673350925 0.7779221821304124 0.6329547678063784 0.385369057852592 0.0 0.3851440984835883 0.649820965276909 0.9079134369853348 1.137897691042415 1.3770094534789588 1.654026452312254 1.9203113100131486 2.6096243485361503 2.527487301052606 2.513029723059972 2.456370414298292 2.3928193511594555 2.3988830237025045 2.378913624392715 2.318814665236123 2.3083776843897543 2.2627476423973953 2.1707527214175135 2.1532352594878548 2.1729984331972494 2.0033231555444706 1.9365409467038106 1.7575878254808561 1.7098463409160989 1.6171185939434825 1.4682331791905945 1.3339541023957833 1.273362417225045 1.158059787761142 1.0854462274246517 1.0074409308137653 0.9498004827917891 0.8746912254454846 0.6559143388692721 0.3851440984835883 0.0 0.385919849202409 0.6363923304585694 0.8792585682127315 1.1411124123498502 1.4222835527516613 1.698436028063642 2.562769704705398 2.4776561720999024 2.466784015510714 2.4219071756939945 2.3648420511072765 2.382098544835511 2.376924388707743 2.3411321264828637 2.3396219761847834 2.3065277021312416 2.222180876035148 2.2032597168510564 2.218568479355771 2.056526662393364 1.988333365283982 1.813489821398732 1.7613571669678254 1.6657700955059707 1.5328825439467844 1.427842697327272 1.3758513516106372 1.2831298147583499 1.2261730094820846 1.1642119990065518 1.1204962925598776 1.0809218174035107 0.9028079445895996 0.649820965276909 0.385919849202409 0.0 0.38670383534291697 0.669282498976281 0.9354984275522769 1.2265572765789405 1.5114950813002717 2.560980659635491 2.4795303810419536 2.4837502511347114 2.4564741171951683 2.4170789486326982 2.452272508963283 2.4584604420014715 2.4363245851703437 2.4400863904368695 2.4200405553347526 2.3474448220934567 2.3294619590246772 2.3445137551774717 2.2026822717861707 2.1378760280853335 1.9701267974242593 1.9298748292003574 1.8358569147712533 1.725180313268949 1.6447998719925827 1.6094990222376715 1.5293354884834167 1.4759911474085081 1.4214675061673665 1.3836384931462726 1.349995833983209 1.1732869169309932 0.9079134369853348 0.6363923304585694 0.38670383534291697 0.0 0.3877536473365363 0.6636165181338437 0.923701814538869 1.2307191687005725 2.5501444395929593 2.462236036919586 2.457320824594748 2.440910938154976 2.4176660591178614 2.4648046875832517 2.479380813901156 2.4688647827426915 2.4772668353571987 2.4678235904549 2.4047150248901867 2.3911722370643984 2.4100078032718986 2.2813327480453287 2.220656762716146 2.062216926076088 2.039671937806169 1.9569747348847304 1.868275544854939 1.7945534360362223 1.7781121776881457 1.706563048161327 1.6481948596448195 1.6028058051023113 1.5709175004881717 1.5458099729841799 1.3920288461147778 1.137897691042415 0.8792585682127315 0.669282498976281 0.3877536473365363 0.0 0.3840583672152952 0.6632705922909772 0.9529200915391988 2.569661181515164 2.4911375725192157 2.4868889281063646 2.4983047063753157 2.4914085143342555 2.5446035513885086 2.5640933346488106 2.5653230816665604 2.5758525328787467 2.5761478528871433 2.525246549922736 2.513399563612977 2.5342223014528953 2.424593405664779 2.36832694601736 2.2232477657990786 2.2226179788196907 2.1516548924819885 2.0709625504701017 2.0020083790513423 1.987135068935708 1.920441511414937 1.8568659847303237 1.8149949365667404 1.7930344444562916 1.771180015268443 1.621388636645206 1.3770094534789588 1.1411124123498502 0.9354984275522769 0.6636165181338437 0.3840583672152952 0.0 0.38607661245133146 0.6668184368555488 2.5903634599247054 2.536479276631544 2.556714609364561 2.589888563492353 2.601761164160759 2.66467061903662 2.686287003084316 2.6954149083156933 2.7099153679115098 2.719426564947099 2.6822515773275657 2.67427545507625 2.6994556114803934 2.6135641597456662 2.5665260568756993 2.4371177507703026 2.4471224508913387 2.3870614266384327 2.3120999170595637 2.2496183424965475 2.234643021396773 2.1742197077434233 2.1134525075108344 2.075971498168761 2.057006746264161 2.0412577244291694 1.8955315422112442 1.654026452312254 1.4222835527516613 1.2265572765789405 0.923701814538869 0.6632705922909772 0.38607661245133146 0.0 0.3866888261331206 2.6223526482066637 2.589494467870923 2.5950367851637663 2.6366925089608904 2.660183911787759 2.724136950583965 2.751093722441179 2.769358517262799 2.7887911402688714 2.807900329211573 2.785747921999235 2.7840614395425205 2.813147336483045 2.747724379881518 2.707880935816639 2.5981117511046223 2.622916112428896 2.5785284259016157 2.514978297353529 2.461793153820239 2.451924640264185 2.401217723409595 2.338186380052184 2.30235320896933 2.2902087703879777 2.2834689309915563 2.1488706691883497 1.9203113100131486 1.698436028063642 1.5114950813002717 1.2307191687005725 0.9529200915391988 0.6668184368555488 0.3866888261331206 0.0
