0.0 0.3845411742643284 0.6642645021846055 0.9481941358524114 1.2337400142024806 1.5259418089029388 1.8454678890299665 2.16062571517564 2.090069394536537 1.894630338663715 1.5563553998190591 1.4336608617764937 1.203653183954265 1.2040933893756247 1.3394130747835542 1.5822094045250434 1.6802150580211765 1.6957161356442203 1.8761723032515978 2.0923243073767868 2.146126944147269 2.232907322706924 2.4839137736734584 2.6177367989622864 2.7168203190841913 2.7768132820681295 2.7930185375576935 2.773587796412286 0.3845411742643284 0.0 0.38538612242176495 0.6657628737141752 0.9557443935168216 1.2681688782221172 1.5903653882778612 1.918715683999767 1.85660954424961 1.6417046507135307 1.2941976399802644 1.1489271623048354 0.9178760937244622 0.9139053557976939 1.065205726383227 1.324992482062426 1.406813993044559 1.4171337766165593 1.6161605710900573 1.8313376486863493 1.87637246967826 1.9717983045210197 2.2338671361210922 2.3798475087937736 2.5109430119753293 2.6135001937241222 2.6811682947641464 2.6839015661141685 0.6642645021846055 0.38538612242176495 0.0 0.38595983708250103 0.676255149345742 0.9944031906891218 1.3262268795206307 1.6607565906031065 1.6086830847677678 1.4058746652623806 1.0606610011928954 0.9376998224774885 0.7661316064689789 0.773429656362781 0.8964950076193761 1.2073788113586816 1.263283558738372 1.2175340331987603 1.441583591397856 1.6760958225503106 1.6857715860622744 1.764238542953779 2.0461049418351904 2.2018147884714265 2.327242766843835 2.4404601432533086 2.5461311149807853 2.5709632659091213 0.9481941358524114 0.6657628737141752 0.38595983708250103 0.0 0.38429809637989665 0.6764209737717712 1.0245020451049283 1.351259445583999 1.2761964930141931 1.053826705873866 0.6983692500886864 0.6129664863388663 0.5439475081143649 0.6554774588480246 0.8007253660033694 1.1222512843567025 1.0807242209428787 0.9949747568365905 1.2865357699698738 1.494995958593959 1.4405229360619676 1.5411284523402071 1.8477252566815827 1.9943923608927734 2.1099254960059968 2.2387034043336365 2.3705576613598343 2.417034280413502 1.2337400142024806 0.9557443935168216 0.676255149345742 0.38429809637989665 0.0 0.38571361493236817 0.7046116306841134 1.0627919655917748 1.0624054873827402 0.8652264255149266 0.5794031628943453 0.5145780610997932 0.6460807633861474 0.6628441612602628 0.6473632542877746 0.9897918117492444 0.9398746276853176 0.7429317405048159 1.0312034727031447 1.2729904884559784 1.1839541874442243 1.2345256070720156 1.5580109970960665 1.7182620003395104 1.8116151315296338 1.9322449587246944 2.0729422798218176 2.1400817262812435 1.5259418089029388 1.2681688782221172 0.9944031906891218 0.6764209737717712 0.38571361493236817 0.0 0.38595440321537433 0.7030740106276245 0.6995560497307365 0.5778727128344754 0.44250931862558024 0.5993805131469244 0.8858491983644294 0.9619508634487399 0.9185927697831943 1.2144113989300271 1.0856542887778442 0.8108183553260506 1.1169141473803494 1.3278340544935934 1.1343507369364816 1.1560089811108605 1.5048314337036213 1.650971900610109 1.6927999401061364 1.8104002125852445 1.9486328845232646 2.0119945989187995 1.8454678890299665 1.5903653882778612 1.3262268795206307 1.0245020451049283 0.7046116306841134 0.38595440321537433 0.0 0.38630580060016495 0.5678908508153648 0.5378300292204085 0.641172595204001 0.785281658937118 1.134913586930819 1.1696607263357692 1.053840734045644 1.2770154510657308 1.117389117347706 0.7814189769840958 1.0339308852915878 1.2144666476225459 0.9513264826015178 0.9101718426791852 1.262048402680529 1.3991665450421666 1.3967729564904803 1.5079727417054767 1.6499427330279706 1.7228406777889052 2.16062571517564 1.918715683999767 1.6607565906031065 1.351259445583999 1.0627919655917748 0.7030740106276245 0.38630580060016495 0.0 0.3873621477122588 0.5712164349838628 0.8495987167146648 1.0744755988481003 1.4444683300735874 1.5139787680628107 1.416328112430429 1.6061317780614015 1.4059389337121133 1.0869414975653842 1.3166749458655818 1.4372834949222675 1.1131206475434916 1.0614834529131305 1.3798585728262371 1.4828852856755215 1.4219125388897127 1.5255422251927793 1.6546002289075754 1.720113431151851 2.090069394536537 1.85660954424961 1.6086830847677678 1.2761964930141931 1.0624054873827402 0.6995560497307365 0.5678908508153648 0.3873621477122588 0.0 0.3867650792560295 0.6947341469404977 1.0157040723058552 1.3690758652595973 1.5231058430912567 1.5149799172568534 1.7259541062585875 1.4875189407662353 1.2246568067004964 1.5240919641738253 1.6192285389684535 1.2966739539297492 1.3339867060641573 1.6587358679629276 1.7410254713848166 1.7100979733422896 1.8343995011084346 1.9599149214548135 2.0105190151300487 1.894630338663715 1.6417046507135307 1.4058746652623806 1.053826705873866 0.8652264255149266 0.5778727128344754 0.5378300292204085 0.5712164349838628 0.3867650792560295 0.0 0.38592192403330194 0.6761023071730661 1.033568781829157 1.210156106534873 1.2560426697686613 1.4411409387187422 1.1697984969191562 0.9634053531068185 1.3071023726924333 1.3696456513590585 1.0732384250732296 1.199411118394894 1.5286636129117235 1.6091151705328983 1.6434761085184473 1.797455039253758 1.9437105630249474 2.0119016510974417 1.5563553998190591 1.2941976399802644 1.0606610011928954 0.6983692500886864 0.5794031628943453 0.44250931862558024 0.641172595204001 0.8495987167146648 0.6947341469404977 0.38592192403330194 0.0 0.38500810859983786 0.6933066399440636 0.9097030556104 1.0204017480928198 1.2500656003181834 1.0165568058451335 0.8625578918967562 1.2364485629924649 1.3403482006785914 1.1293330781416342 1.2816142242971673 1.6147962506956202 1.719396332837721 1.8015788500814385 1.9562990332642538 2.10475425122814 2.1701130510891242 1.4336608617764937 1.1489271623048354 0.9376998224774885 0.6129664863388663 0.5145780610997932 0.5993805131469244 0.785281658937118 1.0744755988481003 1.0157040723058552 0.6761023071730661 0.38500810859983786 0.0 0.384933491089312 0.5641961089752823 0.718385763480016 0.9079714504558423 0.6763715932698611 0.6102529429063843 0.9852015391860082 1.0761822305087538 0.9535041387668105 1.1524886923840878 1.4576599984026006 1.571138204322687 1.7121158476325147 1.875814137353763 2.03671306227945 2.1198814945946527 1.203653183954265 0.9178760937244622 0.7661316064689789 0.5439475081143649 0.6460807633861474 0.8858491983644294 1.134913586930819 1.4444683300735874 1.3690758652595973 1.033568781829157 0.6933066399440636 0.384933491089312 0.0 0.3863836078310145 0.7040810211222103 0.8797490139442813 0.7319108274789794 0.8134209243237365 1.131574557779899 1.2210604976700377 1.2026695741914486 1.4188428555541517 1.6880556278100407 1.805590347438147 1.9833780327559023 2.145420410871698 2.298576695766057 2.370971142836074 1.2040933893756247 0.9139053557976939 0.773429656362781 0.6554774588480246 0.6628441612602628 0.9619508634487399 1.1696607263357692 1.5139787680628107 1.5231058430912567 1.210156106534873 0.9097030556104 0.5641961089752823 0.3863836078310145 0.0 0.38687411382407755 0.5537608096882757 0.5527342539131912 0.6643097409372221 0.8923188508637331 1.0312394510846112 1.109900754123092 1.285308873597437 1.5243315101850183 1.6685913408399475 1.865873505039323 2.0132072094517697 2.170152113786052 2.2585155105388486 1.3394130747835542 1.065205726383227 0.8964950076193761 0.8007253660033694 0.6473632542877746 0.9185927697831943 1.053840734045644 1.416328112430429 1.5149799172568534 1.2560426697686613 1.0204017480928198 0.718385763480016 0.7040810211222103 0.38687411382407755 0.0 0.38467332970005674 0.5484271287125206 0.5012765506054295 0.6117257884379741 0.8688413790821631 0.9792630899915207 1.0502920120383152 1.2845015171962308 1.4612597182849276 1.6382071614433937 1.7603443940793018 1.9148630793198156 2.013610069623489 1.5822094045250434 1.324992482062426 1.2073788113586816 1.1222512843567025 0.9897918117492444 1.2144113989300271 1.2770154510657308 1.6061317780614015 1.7259541062585875 1.4411409387187422 1.2500656003181834 0.9079714504558423 0.8797490139442813 0.5537608096882757 0.38467332970005674 0.0 0.38819072785044517 0.5415531295361454 0.4997608328417712 0.630540105481759 0.8714085470378166 0.9963829753551134 1.1383496009764187 1.3015509289063576 1.5367611333989046 1.66816947299865 1.8323995620437667 1.9486880429795164 1.6802150580211765 1.406813993044559 1.263283558738372 1.0807242209428787 0.9398746276853176 1.0856542887778442 1.117389117347706 1.4059389337121133 1.4875189407662353 1.1697984969191562 1.0165568058451335 0.6763715932698611 0.7319108274789794 0.5527342539131912 0.5484271287125206 0.38819072785044517 0.0 0.3841263075906206 0.5474741717419555 0.5161303400504129 0.6335383489048474 0.8856170200729837 1.0670412689027815 1.1886164955667757 1.4288045743832907 1.5946433616839968 1.7726802072962677 1.8916703945810696 1.6957161356442203 1.4171337766165593 1.2175340331987603 0.9949747568365905 0.7429317405048159 0.8108183553260506 0.7814189769840958 1.0869414975653842 1.2246568067004964 0.9634053531068185 0.8625578918967562 0.6102529429063843 0.8134209243237365 0.6643097409372221 0.5012765506054295 0.5415531295361454 0.3841263075906206 0.0 0.38630576739373457 0.5440417017192057 0.5033903266741524 0.6297522133852067 0.9114234797966502 1.069524514156006 1.2392067454899631 1.3887334698947478 1.5682890123533837 1.685237923458875 1.8761723032515978 1.6161605710900573 1.441583591397856 1.2865357699698738 1.0312034727031447 1.1169141473803494 1.0339308852915878 1.3166749458655818 1.5240919641738253 1.3071023726924333 1.2364485629924649 0.9852015391860082 1.131574557779899 0.8923188508637331 0.6117257884379741 0.4997608328417712 0.5474741717419555 0.38630576739373457 0.0 0.38756460906083395 0.5455517472503841 0.5250868377123188 0.6946007873938985 0.8984704005650783 1.0955027199615084 1.2134416038941995 1.3952430594704612 1.5316050606937925 2.0923243073767868 1.8313376486863493 1.6760958225503106 1.494995958593959 1.2729904884559784 1.3278340544935934 1.2144666476225459 1.4372834949222675 1.6192285389684535 1.3696456513590585 1.3403482006785914 1.0761822305087538 1.2210604976700377 1.0312394510846112 0.8688413790821631 0.630540105481759 0.5161303400504129 0.5440417017192057 0.38756460906083395 0.0 0.3856450310342606 0.5616934263768568 0.6040052447031403 0.7421694077313131 1.0220196017175431 1.1767021586654545 1.3728594345059344 1.5231184516729217 2.146126944147269 1.87637246967826 1.6857715860622744 1.4405229360619676 1.1839541874442243 1.1343507369364816 0.9513264826015178 1.1131206475434916 1.2966739539297492 1.0732384250732296 1.1293330781416342 0.9535041387668105 1.2026695741914486 1.109900754123092 0.9792630899915207 0.8714085470378166 0.6335383489048474 0.5033903266741524 0.5455517472503841 0.3856450310342606 0.0 0.3870816165226519 0.5834317066273985 0.6705707305693902 0.8728872949436836 1.0624334952078436 1.2722828289615122 1.4195506421066617 2.232907322706924 1.9717983045210197 1.764238542953779 1.5411284523402071 1.2345256070720156 1.1560089811108605 0.9101718426791852 1.0614834529131305 1.3339867060641573 1.199411118394894 1.2816142242971673 1.1524886923840878 1.4188428555541517 1.285308873597437 1.0502920120383152 0.9963829753551134 0.8856170200729837 0.6297522133852067 0.5250868377123188 0.5616934263768568 0.3870816165226519 0.0 0.3875367854805799 0.5856318464646733 0.6864591949704036 0.8141908891841048 1.0355680134225531 1.2008138667657202 2.4839137736734584 2.2338671361210922 2.0461049418351904 1.8477252566815827 1.5580109970960665 1.5048314337036213 1.262048402680529 1.3798585728262371 1.6587358679629276 1.5286636129117235 1.6147962506956202 1.4576599984026006 1.6880556278100407 1.5243315101850183 1.2845015171962308 1.1383496009764187 1.0670412689027815 0.9114234797966502 0.6946007873938985 0.6040052447031403 0.5834317066273985 0.3875367854805799 0.0 0.3845063888332333 0.5821780207222055 0.6771572636358572 0.9108473839048973 1.1091213336989818 2.6177367989622864 2.3798475087937736 2.2018147884714265 1.9943923608927734 1.7182620003395104 1.650971900610109 1.3991665450421666 1.4828852856755215 1.7410254713848166 1.6091151705328983 1.719396332837721 1.571138204322687 1.805590347438147 1.6685913408399475 1.4612597182849276 1.3015509289063576 1.1886164955667757 1.069524514156006 0.8984704005650783 0.7421694077313131 0.6705707305693902 0.5856318464646733 0.3845063888332333 0.0 0.38748638106167926 0.6125484542888175 0.8373344802108609 1.0351783255238352 2.7168203190841913 2.5109430119753293 2.327242766843835 2.1099254960059968 1.8116151315296338 1.6927999401061364 1.3967729564904803 1.4219125388897127 1.7100979733422896 1.6434761085184473 1.8015788500814385 1.7121158476325147 1.9833780327559023 1.865873505039323 1.6382071614433937 1.5367611333989046 1.4288045743832907 1.2392067454899631 1.0955027199615084 1.0220196017175431 0.8728872949436836 0.6864591949704036 0.5821780207222055 0.38748638106167926 0.0 0.3857058774012691 0.6514218141203278 0.8655167868403495 2.7768132820681295 2.6135001937241222 2.4404601432533086 2.2387034043336365 1.9322449587246944 1.8104002125852445 1.5079727417054767 1.5255422251927793 1.8343995011084346 1.797455039253758 1.9562990332642538 1.875814137353763 2.145420410871698 2.0132072094517697 1.7603443940793018 1.66816947299865 1.5946433616839968 1.3887334698947478 1.2134416038941995 1.1767021586654545 1.0624334952078436 0.8141908891841048 0.6771572636358572 0.6125484542888175 0.3857058774012691 0.0 0.38617492330784436 0.66219236260843 2.7930185375576935 2.6811682947641464 2.5461311149807853 2.3705576613598343 2.0729422798218176 1.9486328845232646 1.6499427330279706 1.6546002289075754 1.9599149214548135 1.9437105630249474 2.10475425122814 2.03671306227945 2.298576695766057 2.170152113786052 1.9148630793198156 1.8323995620437667 1.7726802072962677 1.5682890123533837 1.3952430594704612 1.3728594345059344 1.2722828289615122 1.0355680134225531 0.9108473839048973 0.8373344802108609 0.6514218141203278 0.38617492330784436 0.0 0.3861338397810349 2.773587796412286 2.6839015661141685 2.5709632659091213 2.417034280413502 2.1400817262812435 2.0119945989187995 1.7228406777889052 1.720113431151851 2.0105190151300487 2.0119016510974417 2.1701130510891242 2.1198814945946527 2.370971142836074 2.2585155105388486 2.013610069623489 1.9486880429795164 1.8916703945810696 1.685237923458875 1.5316050606937925 1.5231184516729217 1.4195506421066617 1.2008138667657202 1.1091213336989818 1.0351783255238352 0.8655167868403495 0.66219236260843 0.3861338397810349 0.0
0.0 0.005555526305622291 0.039854275042226266 0.07875617079722391 0.12006755166326222 0.1572669078192673 0.1823220559077115 0.2104046161295637 0.22271452284744653 0.16572927578219337 0.1474396608357828 0.1591842342366429 0.2492953623913002 0.27751915935818927 0.25371710087851307 0.30579778564849713 0.25993926519868826 0.20227535852975564 0.25682039420943525 0.2567952283082383 0.20768823823021004 0.24424595075736372 0.2707390500811956 0.27877669344968514 0.29210690819176044 0.36473108642898466 0.47573108803542974 0.5545678940888126 0.005555526305622291 0.0 0.005497161965474267 0.0502851090078805 0.08602506525572234 0.11220791762918365 0.12659028059091365 0.14263662361541177 0.15592388835901397 0.10866264597592548 0.10673380336251333 0.13719897255706254 0.23716368295822526 0.27066981891407904 0.2257406536715764 0.2738610203442573 0.23717856452170008 0.17180038152316446 0.21371917765604526 0.21991999528635117 0.1715813657638148 0.194970406162257 0.22071092019716376 0.23277956508000797 0.2530128461921893 0.31081645952294884 0.41228683183835135 0.5086759024169256 0.039854275042226266 0.005497161965474267 0.0 0.005577181878347307 0.0325699073589464 0.06623577803241851 0.09504542230681721 0.10534042677887731 0.11615369548720182 0.054166477906745406 0.05596607246993503 0.10357087866700554 0.200066049954626 0.2278188738524129 0.17640091627261498 0.19999457502217785 0.1693731895669419 0.12018982451349822 0.15150929234265678 0.14797447915787618 0.11974544211130307 0.15917825805561356 0.17332099286028926 0.18621742101501074 0.23129050477069013 0.3002620155990102 0.4065571347553251 0.5178304019517143 0.07875617079722391 0.0502851090078805 0.005577181878347307 0.0 0.005544921169407221 0.0462677979686622 0.0630305697925655 0.06473883646284948 0.08008831248192727 0.0410522484353954 0.0572869946175702 0.09049613421168964 0.15271931630725813 0.18537596929610206 0.12916809274392366 0.13905439393057126 0.1302566929793458 0.07471686712809274 0.08470870971375612 0.09135925814463688 0.06731592336196954 0.09091474064292518 0.10341375248058873 0.13439422133829804 0.21311051974045586 0.2614749847112009 0.3616462253699562 0.48054906495261107 0.12006755166326222 0.08602506525572234 0.0325699073589464 0.005544921169407221 0.0 0.005490233557526885 0.027574342693006636 0.024276117618840402 0.06444415510297487 0.022715063195388966 0.02176358105115539 0.0265637125714293 0.042432328621592505 0.1415104488816242 0.1473384256841294 0.1340546001903397 0.10886679413439324 0.08268181327666252 0.09156268009786837 0.08461424207353786 0.05968745149792035 0.07563386049663871 0.0847807270619958 0.11535979729522976 0.2025340614286722 0.2476168658191809 0.3450517039447962 0.469240984570417 0.1572669078192673 0.11220791762918365 0.06623577803241851 0.0462677979686622 0.005490233557526885 0.0 0.005493370871057579 0.01897147554810869 0.07647722234943075 0.03873104536659626 0.023936060769255703 0.0309843853197423 0.02956668210365155 0.09575708093010107 0.12087328270532556 0.09640853295153251 0.07482614990593842 0.07752126880243383 0.08353199361332547 0.06923263596547916 0.072208671961482 0.08789133101814342 0.09358883520722928 0.1246032673082792 0.23254484500972103 0.2664520502700215 0.36320138992990103 0.4889619242006269 0.1823220559077115 0.12659028059091365 0.09504542230681721 0.0630305697925655 0.027574342693006636 0.005493370871057579 0.0 0.005414476926115314 0.029872133469891232 0.021249865610235015 0.033377635845210765 0.04086888940231686 0.040439963073489245 0.05714791901605241 0.08196654796569466 0.054290680284955706 0.042720397948542196 0.047654331148175584 0.063037388755355 0.06410883527013572 0.08392894075637312 0.09618702359251276 0.12159305794260485 0.12871210861015742 0.24590041559917658 0.2800758844972303 0.3735000151875091 0.4930743788313115 0.2104046161295637 0.14263662361541177 0.10534042677887731 0.06473883646284948 0.024276117618840402 0.01897147554810869 0.005414476926115314 0.0 0.00538428003076797 0.018456247869832777 0.026686176245150524 0.041295277986378456 0.039081181073292066 0.04475361749850694 0.06815667997701311 0.049912683841618524 0.06585209798138701 0.05458444075519612 0.07194646954083243 0.10482860915016619 0.12908979557862882 0.11880569725182369 0.1821697563804759 0.16793293136172108 0.28336898993569015 0.3037221105189601 0.3975356707728276 0.5070065108803378 0.22271452284744653 0.15592388835901397 0.11615369548720182 0.08008831248192727 0.06444415510297487 0.07647722234943075 0.029872133469891232 0.00538428003076797 0.0 0.005411311747249667 0.0315861960945267 0.03389584963030133 0.0392744215376317 0.0497666139156125 0.07223972480369475 0.04679111184235949 0.06328369134979592 0.05307027911504754 0.06352413164188099 0.08992581612357746 0.11083492330334403 0.10030054788278657 0.14726072820729613 0.17381615749334436 0.30344648410524827 0.30136009648657386 0.3890641216876786 0.4971761731699248 0.16572927578219337 0.10866264597592548 0.054166477906745406 0.0410522484353954 0.022715063195388966 0.03873104536659626 0.021249865610235015 0.018456247869832777 0.005411311747249667 0.0 0.005480151893136672 0.02345451777174373 0.030562363355476775 0.03113447605741253 0.053194469610164996 0.050808001396049705 0.07446302553288489 0.06237081017950137 0.06799765640640838 0.09192823083754373 0.10338689269267173 0.09105463379089886 0.10923308538622549 0.18550353463735586 0.31132263776660474 0.28646856272593496 0.35707044109109465 0.4602762502974957 0.1474396608357828 0.10673380336251333 0.05596607246993503 0.0572869946175702 0.02176358105115539 0.023936060769255703 0.033377635845210765 0.026686176245150524 0.0315861960945267 0.005480151893136672 0.0 0.005515020653702368 0.02378786368568415 0.04041415168515606 0.060292705547543755 0.04666019269536893 0.06002433168298179 0.05187773020625762 0.04968100441250935 0.061242999210077344 0.0667166067766006 0.06502705015639987 0.06757293384718836 0.16018377014633106 0.27606541098106246 0.263244285405855 0.33519326411279715 0.44265264042892055 0.1591842342366429 0.13719897255706254 0.10357087866700554 0.09049613421168964 0.0265637125714293 0.0309843853197423 0.04086888940231686 0.041295277986378456 0.03389584963030133 0.02345451777174373 0.005515020653702368 0.0 0.005428529028756915 0.02282521341981155 0.03802980445015875 0.04149830447750011 0.060466376384718114 0.03536781778115712 0.03340095196023647 0.05303684577324058 0.0459647112031615 0.044909342914368225 0.0595976449100588 0.1555871908282119 0.25214655075200937 0.24144217623938197 0.3055841033835246 0.40953057269416904 0.2492953623913002 0.23716368295822526 0.200066049954626 0.15271931630725813 0.042432328621592505 0.02956668210365155 0.040439963073489245 0.039081181073292066 0.0392744215376317 0.030562363355476775 0.02378786368568415 0.005428529028756915 0.0 0.005347083279595474 0.03439182819868719 0.03618290492395887 0.06976138077771382 0.03786731709038308 0.034857226489559086 0.0647373280647122 0.056221151577021934 0.04820449078225025 0.08557222902672243 0.1592447366835203 0.23400659299262472 0.2278683859204441 0.2870176681419524 0.38400664547626484 0.27751915935818927 0.27066981891407904 0.2278188738524129 0.18537596929610206 0.1415104488816242 0.09575708093010107 0.05714791901605241 0.04475361749850694 0.0497666139156125 0.03113447605741253 0.04041415168515606 0.02282521341981155 0.005347083279595474 0.0 0.005427285740182184 0.019324429989561055 0.025633323038705823 0.029730023380189798 0.02366648939739475 0.03355599447185907 0.035233238561044274 0.03696332598919751 0.0945141592690373 0.12095520050767714 0.1886098759510368 0.21276607658619726 0.2854942813839901 0.3847773204199407 0.25371710087851307 0.2257406536715764 0.17640091627261498 0.12916809274392366 0.1473384256841294 0.12087328270532556 0.08196654796569466 0.06815667997701311 0.07223972480369475 0.053194469610164996 0.060292705547543755 0.03802980445015875 0.03439182819868719 0.005427285740182184 0.0 0.0052387971881507536 0.01625775976453387 0.02438681526284007 0.025333152719847686 0.028320479021579952 0.02704941404612316 0.037943226745654104 0.095236132458439 0.08902538823633818 0.15154307202838793 0.21289474936701192 0.29920745781674896 0.40394106922348316 0.30579778564849713 0.2738610203442573 0.19999457502217785 0.13905439393057126 0.1340546001903397 0.09640853295153251 0.054290680284955706 0.049912683841618524 0.04679111184235949 0.050808001396049705 0.04666019269536893 0.04149830447750011 0.03618290492395887 0.019324429989561055 0.0052387971881507536 0.0 0.005297931702422044 0.015388535660575247 0.0251052183182151 0.04224554739543156 0.03433247526589685 0.03441781859448478 0.13577422230114106 0.10666774357635381 0.15008628642077104 0.2003373407829659 0.2710556208252952 0.36000380805020227 0.25993926519868826 0.23717856452170008 0.1693731895669419 0.1302566929793458 0.10886679413439324 0.07482614990593842 0.042720397948542196 0.06585209798138701 0.06328369134979592 0.07446302553288489 0.06002433168298179 0.060466376384718114 0.06976138077771382 0.025633323038705823 0.01625775976453387 0.005297931702422044 0.0 0.0053612985377832715 0.0160305161700582 0.031698325645230174 0.0375381120392986 0.028155844438202886 0.11321046715856511 0.15862089231686366 0.21065721934249634 0.21363501752593486 0.2654929280726581 0.3497688634157846 0.20227535852975564 0.17180038152316446 0.12018982451349822 0.07471686712809274 0.08268181327666252 0.07752126880243383 0.047654331148175584 0.05458444075519612 0.05307027911504754 0.06237081017950137 0.05187773020625762 0.03536781778115712 0.03786731709038308 0.029730023380189798 0.02438681526284007 0.015388535660575247 0.0053612985377832715 0.0 0.005281125331898985 0.014820554658291903 0.02302827101049607 0.030220603605096173 0.07030655871064377 0.11069468790395395 0.19881403525615216 0.2218134181015699 0.280290836275184 0.3708808345820973 0.25682039420943525 0.21371917765604526 0.15150929234265678 0.08470870971375612 0.09156268009786837 0.08353199361332547 0.063037388755355 0.07194646954083243 0.06352413164188099 0.06799765640640838 0.04968100441250935 0.03340095196023647 0.034857226489559086 0.02366648939739475 0.025333152719847686 0.0251052183182151 0.0160305161700582 0.005281125331898985 0.0 0.0052937523628783754 0.015049800979500118 0.03019003171086691 0.11009116020204786 0.07427608507758107 0.13067788947196923 0.20412717889034604 0.26954435321144826 0.3432415060327595 0.2567952283082383 0.21991999528635117 0.14797447915787618 0.09135925814463688 0.08461424207353786 0.06923263596547916 0.06410883527013572 0.10482860915016619 0.08992581612357746 0.09192823083754373 0.061242999210077344 0.05303684577324058 0.0647373280647122 0.03355599447185907 0.028320479021579952 0.04224554739543156 0.031698325645230174 0.014820554658291903 0.0052937523628783754 0.0 0.005327752328541796 0.024381549276799815 0.13756931928874966 0.1480534558407029 0.1765286408030041 0.20114040317837442 0.25171489000154534 0.31350620812857233 0.20768823823021004 0.1715813657638148 0.11974544211130307 0.06731592336196954 0.05968745149792035 0.072208671961482 0.08392894075637312 0.12908979557862882 0.11083492330334403 0.10338689269267173 0.0667166067766006 0.0459647112031615 0.056221151577021934 0.035233238561044274 0.02704941404612316 0.03433247526589685 0.0375381120392986 0.02302827101049607 0.015049800979500118 0.005327752328541796 0.0 0.005318591972578645 0.05559687444109475 0.19218027121601958 0.26346372536716617 0.23593912935538247 0.264734353182007 0.32668560935755064 0.24424595075736372 0.194970406162257 0.15917825805561356 0.09091474064292518 0.07563386049663871 0.08789133101814342 0.09618702359251276 0.11880569725182369 0.10030054788278657 0.09105463379089886 0.06502705015639987 0.044909342914368225 0.04820449078225025 0.03696332598919751 0.037943226745654104 0.03441781859448478 0.028155844438202886 0.030220603605096173 0.03019003171086691 0.024381549276799815 0.005318591972578645 0.0 0.005436137476496742 0.059245843584321466 0.18862658959493833 0.23841295043638122 0.26947296131104936 0.31727362765010525 0.2707390500811956 0.22071092019716376 0.17332099286028926 0.10341375248058873 0.0847807270619958 0.09358883520722928 0.12159305794260485 0.1821697563804759 0.14726072820729613 0.10923308538622549 0.06757293384718836 0.0595976449100588 0.08557222902672243 0.0945141592690373 0.095236132458439 0.13577422230114106 0.11321046715856511 0.07030655871064377 0.11009116020204786 0.13756931928874966 0.05559687444109475 0.005436137476496742 0.0 0.005554429511334849 0.05071704849218489 0.17107592685362655 0.22660192519636327 0.2546707306079559 0.27877669344968514 0.23277956508000797 0.18621742101501074 0.13439422133829804 0.11535979729522976 0.1246032673082792 0.12871210861015742 0.16793293136172108 0.17381615749334436 0.18550353463735586 0.16018377014633106 0.1555871908282119 0.1592447366835203 0.12095520050767714 0.08902538823633818 0.10666774357635381 0.15862089231686366 0.11069468790395395 0.07427608507758107 0.1480534558407029 0.19218027121601958 0.059245843584321466 0.005554429511334849 0.0 0.005400827019151881 0.055159109703761366 0.14551657651599073 0.20945694487997493 0.29210690819176044 0.2530128461921893 0.23129050477069013 0.21311051974045586 0.2025340614286722 0.23254484500972103 0.24590041559917658 0.28336898993569015 0.30344648410524827 0.31132263776660474 0.27606541098106246 0.25214655075200937 0.23400659299262472 0.1886098759510368 0.15154307202838793 0.15008628642077104 0.21065721934249634 0.19881403525615216 0.13067788947196923 0.1765286408030041 0.26346372536716617 0.18862658959493833 0.05071704849218489 0.005400827019151881 0.0 0.005517731210334205 0.05290925122154803 0.17702547365845686 0.36473108642898466 0.31081645952294884 0.3002620155990102 0.2614749847112009 0.2476168658191809 0.2664520502700215 0.2800758844972303 0.3037221105189601 0.30136009648657386 0.28646856272593496 0.263244285405855 0.24144217623938197 0.2278683859204441 0.21276607658619726 0.21289474936701192 0.2003373407829659 0.21363501752593486 0.2218134181015699 0.20412717889034604 0.20114040317837442 0.23593912935538247 0.23841295043638122 0.17107592685362655 0.055159109703761366 0.005517731210334205 0.0 0.005596449533928107 0.06391316755539247 0.47573108803542974 0.41228683183835135 0.4065571347553251 0.3616462253699562 0.3450517039447962 0.36320138992990103 0.3735000151875091 0.3975356707728276 0.3890641216876786 0.35707044109109465 0.33519326411279715 0.3055841033835246 0.2870176681419524 0.2854942813839901 0.29920745781674896 0.2710556208252952 0.2654929280726581 0.280290836275184 0.26954435321144826 0.25171489000154534 0.264734353182007 0.26947296131104936 0.22660192519636327 0.14551657651599073 0.05290925122154803 0.005596449533928107 0.0 0.005689598698219613 0.5545678940888126 0.5086759024169256 0.5178304019517143 0.48054906495261107 0.469240984570417 0.4889619242006269 0.4930743788313115 0.5070065108803378 0.4971761731699248 0.4602762502974957 0.44265264042892055 0.40953057269416904 0.38400664547626484 0.3847773204199407 0.40394106922348316 0.36000380805020227 0.3497688634157846 0.3708808345820973 0.3432415060327595 0.31350620812857233 0.32668560935755064 0.31727362765010525 0.2546707306079559 0.20945694487997493 0.17702547365845686 0.06391316755539247 0.005689598698219613 0.0
