0.0 0.3843568381744774 0.664466456574888 0.8541251044601511 0.8872012003689868 1.000659698584247 1.2669319790437412 1.4953748080461988 1.6825467363751667 1.6911242544190064 1.8788331611784659 1.9995597505973204 2.155512256123768 2.320851289252678 2.484884703270438 2.546417536966424 2.657203727596361 2.6305617361499753 2.6423384170171977 2.6792061834244594 2.67758998226465 2.647520245827798 2.6377526922393986 2.611638710236211 0.3843568381744774 0.0 0.385412150818867 0.5889626942346432 0.6983828182776743 0.8430494893468129 1.1115726477611996 1.343887527105371 1.5454769245195068 1.5624070384525006 1.7686199697623404 1.9015162013213522 2.07511871648039 2.2519882599563976 2.433407948974691 2.4969881572577384 2.6116184272434664 2.5757805351594016 2.589070190139585 2.6326346603630233 2.6270678344445 2.593890907394324 2.5836074540370704 2.5534300538352404 0.664466456574888 0.385412150818867 0.0 0.3854501230238666 0.5879141475139354 0.6742892344582445 0.9174714374994097 1.1510453671698817 1.3615587244636491 1.3793833661852544 1.600299603195489 1.7461901114795566 1.9385139467478048 2.1285519155871317 2.3312388361780494 2.3967271285252263 2.5173510630791474 2.475152683506278 2.49100639225881 2.54111421024219 2.540501454752795 2.511617246217913 2.506199309991098 2.4793817641265425 0.8541251044601511 0.5889626942346432 0.3854501230238666 0.0 0.38636020460134446 0.6042521610233943 0.8081820269392326 1.041225897861709 1.2592091063850772 1.2866248666007074 1.5185494278215237 1.6724708590313149 1.8703995783262908 2.0631208684398463 2.275429176281201 2.343489912030834 2.4642501687851985 2.4213209310381574 2.438018026546959 2.495810055455786 2.495482240737571 2.4697593678128684 2.466731424841083 2.4415624148104826 0.8872012003689868 0.6983828182776743 0.5879141475139354 0.38636020460134446 0.0 0.3869072122984417 0.6447936659365174 0.890466834626776 1.112722255413516 1.1441702481870748 1.379567376391845 1.5355822608975362 1.7410385122474186 1.9346195439336682 2.1537915438965536 2.221515188002546 2.34186028973476 2.2987713153505607 2.3201636307510607 2.3867888164558466 2.39532671161 2.3695811686429957 2.371513569640464 2.3526448304377885 1.000659698584247 0.8430494893468129 0.6742892344582445 0.6042521610233943 0.3869072122984417 0.0 0.3862801100788196 0.6577277779897928 0.8694336941147098 0.9074244149251071 1.1635806554846517 1.3300353582928168 1.5540710945548726 1.7581138581385058 1.9911111885430244 2.060461589697859 2.1819320784524026 2.1370706461097138 2.159782108951943 2.236769402095335 2.2548386470920656 2.235202854970492 2.247310775795465 2.2406680728933934 1.2669319790437412 1.1115726477611996 0.9174714374994097 0.8081820269392326 0.6447936659365174 0.3862801100788196 0.0 0.3860727433033983 0.5976388047386326 0.7062699481344619 0.9955951833314968 1.1785409619362817 1.4228154829979278 1.6336646096736858 1.8766752668861404 1.9420499926750767 2.0587041932478467 2.015658480554043 2.0426608196504787 2.129356618753161 2.1529844535786156 2.139495534967118 2.1602097291208815 2.1641727982992296 1.4953748080461988 1.343887527105371 1.1510453671698817 1.041225897861709 0.890466834626776 0.6577277779897928 0.3860727433033983 0.0 0.38595122243985014 0.6027038953439791 0.8757773504488453 1.0413060986996883 1.311438157894668 1.519995686455919 1.7712876696626136 1.832872324061928 1.942205976974159 1.8966130761562483 1.9247655278323315 2.0229689819695587 2.050998073725054 2.0447474879525727 2.0606583464076405 2.069382103040915 1.6825467363751667 1.5454769245195068 1.3615587244636491 1.2592091063850772 1.112722255413516 0.8694336941147098 0.5976388047386326 0.38595122243985014 0.0 0.3857885963536921 0.652680415317024 0.8487377138327121 1.1258598267993865 1.347430578496791 1.6128832556021924 1.6789569156162216 1.7935350856358023 1.7574159497063289 1.7949703156474777 1.9130821765988018 1.965459764599992 1.962884342796275 1.9677908989148705 1.9850369131519092 1.6911242544190064 1.5624070384525006 1.3793833661852544 1.2866248666007074 1.1441702481870748 0.9074244149251071 0.7062699481344619 0.6027038953439791 0.3857885963536921 0.0 0.3852257362758502 0.6355418206778334 0.9233001009736059 1.1837178330150158 1.4541010467526203 1.5217321876459908 1.6581595652149208 1.6321984890273424 1.6727927129255442 1.8000737755202223 1.8777468276156033 1.877095527309817 1.9037071119559978 1.9490487975896005 1.8788331611784659 1.7686199697623404 1.600299603195489 1.5185494278215237 1.379567376391845 1.1635806554846517 0.9955951833314968 0.8757773504488453 0.652680415317024 0.3852257362758502 0.0 0.3862765185107148 0.6656957127321059 0.9274784080564498 1.216716548256831 1.2976306567967462 1.4450368051786904 1.4447505100971707 1.5104659407736905 1.6669107641557743 1.778858261537622 1.7966117875387113 1.8292509117301925 1.8854260123490079 1.9995597505973204 1.9015162013213522 1.7461901114795566 1.6724708590313149 1.5355822608975362 1.3300353582928168 1.1785409619362817 1.0413060986996883 0.8487377138327121 0.6355418206778334 0.3862765185107148 0.0 0.38491828235644443 0.6568305772308676 0.9261343338567272 1.0138930858869304 1.17506700356506 1.204117457063735 1.3094249487161966 1.493166128212103 1.6310783410523466 1.6742998084374645 1.7204367574276123 1.7888591563825138 2.155512256123768 2.07511871648039 1.9385139467478048 1.8703995783262908 1.7410385122474186 1.5540710945548726 1.4228154829979278 1.311438157894668 1.1258598267993865 0.9233001009736059 0.6656957127321059 0.38491828235644443 0.0 0.3862542555638411 0.6369186657187018 0.783951430187298 1.0089125219756236 1.0883924033231807 1.2370242117642323 1.428705943393554 1.5976511792489347 1.6438555777302155 1.712908992441367 1.801135441028951 2.320851289252678 2.2519882599563976 2.1285519155871317 2.0631208684398463 1.9346195439336682 1.7581138581385058 1.6336646096736858 1.519995686455919 1.347430578496791 1.1837178330150158 0.9274784080564498 0.6568305772308676 0.3862542555638411 0.0 0.3863345272132098 0.6161353681158144 0.816415799525954 0.9152722332960135 1.0934900691418454 1.309192458291489 1.496385167183062 1.5564398832210966 1.6358495524795031 1.7388203979717507 2.484884703270438 2.433407948974691 2.3312388361780494 2.275429176281201 2.1537915438965536 1.9911111885430244 1.8766752668861404 1.7712876696626136 1.6128832556021924 1.4541010467526203 1.216716548256831 0.9261343338567272 0.6369186657187018 0.3863345272132098 0.0 0.3872928343348353 0.6259574186794697 0.797507153118164 1.022287089963223 1.2424332854219053 1.4491527260123942 1.5203421460337216 1.6114691023907244 1.7287114048824335 2.546417536966424 2.4969881572577384 2.3967271285252263 2.343489912030834 2.221515188002546 2.060461589697859 1.9420499926750767 1.832872324061928 1.6789569156162216 1.5217321876459908 1.2976306567967462 1.0138930858869304 0.783951430187298 0.6161353681158144 0.3872928343348353 0.0 0.38415002352253774 0.6098600223808259 0.8292537661660047 1.0396616488257642 1.2560501518047427 1.3371493025668193 1.4423878409144513 1.5780503235230032 2.657203727596361 2.6116184272434664 2.5173510630791474 2.4642501687851985 2.34186028973476 2.1819320784524026 2.0587041932478467 1.942205976974159 1.7935350856358023 1.6581595652149208 1.4450368051786904 1.17506700356506 1.0089125219756236 0.816415799525954 0.6259574186794697 0.38415002352253774 0.0 0.3871077349838152 0.6565653492670522 0.8861621468362824 1.1076062626380543 1.2159181962062173 1.325208856193766 1.470147846396984 2.6305617361499753 2.5757805351594016 2.475152683506278 2.4213209310381574 2.2987713153505607 2.1370706461097138 2.015658480554043 1.8966130761562483 1.7574159497063289 1.6321984890273424 1.4447505100971707 1.204117457063735 1.0883924033231807 0.9152722332960135 0.797507153118164 0.6098600223808259 0.3871077349838152 0.0 0.3858410519528926 0.6290451286213707 0.8611263030684286 0.9954191186530398 1.1396004061948255 1.3157665889549228 2.6423384170171977 2.589070190139585 2.49100639225881 2.438018026546959 2.3201636307510607 2.159782108951943 2.0426608196504787 1.9247655278323315 1.7949703156474777 1.6727927129255442 1.5104659407736905 1.3094249487161966 1.2370242117642323 1.0934900691418454 1.022287089963223 0.8292537661660047 0.6565653492670522 0.3858410519528926 0.0 0.3865928971653626 0.5937949488621684 0.7275889944069986 0.8958388819619219 1.1083195248562616 2.6792061834244594 2.6326346603630233 2.54111421024219 2.495810055455786 2.3867888164558466 2.236769402095335 2.129356618753161 2.0229689819695587 1.9130821765988018 1.8000737755202223 1.6669107641557743 1.493166128212103 1.428705943393554 1.309192458291489 1.2424332854219053 1.0396616488257642 0.8861621468362824 0.6290451286213707 0.3865928971653626 0.0 0.3865823896165953 0.6021933017466863 0.8469777228801586 1.0986041944485978 2.67758998226465 2.6270678344445 2.540501454752795 2.495482240737571 2.39532671161 2.2548386470920656 2.1529844535786156 2.050998073725054 1.965459764599992 1.8777468276156033 1.778858261537622 1.6310783410523466 1.5976511792489347 1.496385167183062 1.4491527260123942 1.2560501518047427 1.1076062626380543 0.8611263030684286 0.5937949488621684 0.3865823896165953 0.0 0.3861301510878067 0.636558931040653 0.9021092150466293 2.647520245827798 2.593890907394324 2.511617246217913 2.4697593678128684 2.3695811686429957 2.235202854970492 2.139495534967118 2.0447474879525727 1.962884342796275 1.877095527309817 1.7966117875387113 1.6742998084374645 1.6438555777302155 1.5564398832210966 1.5203421460337216 1.3371493025668193 1.2159181962062173 0.9954191186530398 0.7275889944069986 0.6021933017466863 0.3861301510878067 0.0 0.3859298180151002 0.6880913001251269 2.6377526922393986 2.5836074540370704 2.506199309991098 2.466731424841083 2.371513569640464 2.247310775795465 2.1602097291208815 2.0606583464076405 1.9677908989148705 1.9037071119559978 1.8292509117301925 1.7204367574276123 1.712908992441367 1.6358495524795031 1.6114691023907244 1.4423878409144513 1.325208856193766 1.1396004061948255 0.8958388819619219 0.8469777228801586 0.636558931040653 0.3859298180151002 0.0 0.38501072861305075 2.611638710236211 2.5534300538352404 2.4793817641265425 2.4415624148104826 2.3526448304377885 2.2406680728933934 2.1641727982992296 2.069382103040915 1.9850369131519092 1.9490487975896005 1.8854260123490079 1.7888591563825138 1.801135441028951 1.7388203979717507 1.7287114048824335 1.5780503235230032 1.470147846396984 1.3157665889549228 1.1083195248562616 1.0986041944485978 0.9021092150466293 0.6880913001251269 0.38501072861305075 0.0
0.0 0.005635337422635287 0.048101742748513594 0.1064684024216291 0.2689928941003077 0.3365333451773664 0.3331796514337001 0.35068608231490506 0.3711010451603806 0.39472970342651237 0.42907320905225105 0.4721306342967502 0.5077556349528112 0.5566556309898594 0.5575843492492185 0.5353233475202658 0.5180949111274902 0.5316185688939333 0.5780658064495743 0.6371965871695782 0.6842398973774995 0.70854845376527 0.7288188763762563 0.767504669771014 0.005635337422635287 0.0 0.005548378048370333 0.06706232032632807 0.18945924788457444 0.2496469428466835 0.27178851977603474 0.2986881876563904 0.3176558840332785 0.3502374374367652 0.36607543498870804 0.41651770794206777 0.44982938343573187 0.5068381688303045 0.5064382813487038 0.48763616332123333 0.47251127768383017 0.4967302597829077 0.5603979339651018 0.6316856340463127 0.6850920031755738 0.7110168149369969 0.7278039956141358 0.7668008301120701 0.048101742748513594 0.005548378048370333 0.0 0.0054800932127018614 0.05840467485381915 0.1865058140784615 0.24692525649515865 0.27309983541736604 0.2829283383894729 0.3191498418701959 0.333070900828995 0.38483062873611873 0.4116635163351431 0.47819755556939975 0.47670041029206345 0.46493674494219717 0.4538489621177967 0.4939479756289599 0.5663116318263277 0.6457032777024019 0.7031043589404238 0.7251493346385873 0.7308739692567923 0.7613688962071854 0.1064684024216291 0.06706232032632807 0.0054800932127018614 0.0 0.005540857255245521 0.057307054201193156 0.17567206006691924 0.2168273087481701 0.2508446387442974 0.31216146313117454 0.30690832997452866 0.3634958857181576 0.39070970423276974 0.4622423129754326 0.4780408229662153 0.4659282029655706 0.4544174194003845 0.4882517959351006 0.5610419584911355 0.632034071591362 0.6961483620553459 0.7232333471276607 0.7284900029154622 0.761990157806266 0.2689928941003077 0.18945924788457444 0.05840467485381915 0.005540857255245521 0.0 0.005486955506017272 0.0592640971453957 0.13030521365531364 0.18481946558875315 0.28756946604727773 0.2816097379904945 0.33657405325372414 0.37043981123574643 0.4464421178075663 0.4620573933554142 0.45815931722069314 0.4574041862208954 0.4888785945615619 0.5701348627466106 0.6478342863725823 0.7210748498013426 0.7605556206148658 0.766836800154927 0.801481119433259 0.3365333451773664 0.2496469428466835 0.1865058140784615 0.057307054201193156 0.005486955506017272 0.0 0.005567323639001642 0.04433840680596194 0.10099807797429398 0.24254130223170253 0.2212674897899559 0.28090141710916133 0.31492527065474785 0.39021225166679635 0.3962952153281999 0.40706468668207163 0.42554646507099597 0.48430890525998055 0.5888141293277704 0.6818453149177703 0.7543948020984556 0.8008515241933954 0.8018268753724985 0.8303082400125886 0.3331796514337001 0.27178851977603474 0.24692525649515865 0.17567206006691924 0.0592640971453957 0.005567323639001642 0.0 0.005470546145936965 0.06589583106484531 0.17179043763719481 0.1631645741968602 0.21766489670876576 0.26443316389836286 0.3593674046492491 0.3570098360407995 0.38576499000207887 0.4204926764523888 0.4922936834675336 0.5946684318779669 0.692523046518166 0.7656956519837048 0.8152662895497139 0.8112957701229033 0.8321899797203927 0.35068608231490506 0.2986881876563904 0.27309983541736604 0.2168273087481701 0.13030521365531364 0.04433840680596194 0.005470546145936965 0.0 0.005469126359677503 0.058982855878812766 0.1048818966652351 0.18610137677558716 0.2276736641680915 0.31808980712458906 0.31574814220715325 0.35205351215566355 0.4076828663898038 0.49341654128309703 0.6107153033940154 0.7033841591971641 0.7833713882315712 0.8473450764283325 0.8639255511708772 0.8815678854974085 0.3711010451603806 0.3176558840332785 0.2829283383894729 0.2508446387442974 0.18481946558875315 0.10099807797429398 0.06589583106484531 0.005469126359677503 0.0 0.005464369782302905 0.04337488068113403 0.17275797900659134 0.20630835832408448 0.2843745115718513 0.28288199267670266 0.3188272628271652 0.39303634337613713 0.4816226772822171 0.6038823469346299 0.6869948689676655 0.7441181586408478 0.806402219714248 0.8634673944881428 0.8890332356412809 0.39472970342651237 0.3502374374367652 0.3191498418701959 0.31216146313117454 0.28756946604727773 0.24254130223170253 0.17179043763719481 0.058982855878812766 0.005464369782302905 0.0 0.005502387978688359 0.058193313093614196 0.07821328547795382 0.14376084900566893 0.1525074226678048 0.26316405437380813 0.3405373812005395 0.4231055655832285 0.5682498059282859 0.6446755240189468 0.6942185054811822 0.7781248917378325 0.8275281378418257 0.8382600726471653 0.42907320905225105 0.36607543498870804 0.333070900828995 0.30690832997452866 0.2816097379904945 0.2212674897899559 0.1631645741968602 0.1048818966652351 0.04337488068113403 0.005502387978688359 0.0 0.005623685842257801 0.04088464732854945 0.09303115889042032 0.11281934999148573 0.2344595606137588 0.3213141883610402 0.3725640003214844 0.5011542744291859 0.5471302653307191 0.5824457682601883 0.6715527843444018 0.7484678052909436 0.794817558976845 0.4721306342967502 0.41651770794206777 0.38483062873611873 0.3634958857181576 0.33657405325372414 0.28090141710916133 0.21766489670876576 0.18610137677558716 0.17275797900659134 0.058193313093614196 0.005623685842257801 0.0 0.005532206917671118 0.041092606759275674 0.08802517961778347 0.2631683502951712 0.3403412015362772 0.3663860768178162 0.46400420320140834 0.4926168403897041 0.5152749301668962 0.5952476118190317 0.6753818062753425 0.7291573361178467 0.5077556349528112 0.44982938343573187 0.4116635163351431 0.39070970423276974 0.37043981123574643 0.31492527065474785 0.26443316389836286 0.2276736641680915 0.20630835832408448 0.07821328547795382 0.04088464732854945 0.005532206917671118 0.0 0.005554517829518915 0.06470352950444953 0.1916982443737547 0.21931985372210622 0.25107322761142997 0.34394514580172697 0.3861356788121305 0.40062949738540865 0.4923966879770906 0.5603265661064579 0.6222065253319751 0.5566556309898594 0.5068381688303045 0.47819755556939975 0.4622423129754326 0.4464421178075663 0.39021225166679635 0.3593674046492491 0.31808980712458906 0.2843745115718513 0.14376084900566893 0.09303115889042032 0.041092606759275674 0.005554517829518915 0.0 0.005572443527041616 0.06002797311681428 0.12122231025342434 0.2106301336137919 0.29308001257103233 0.3401432126976126 0.36410573948306607 0.447871044633023 0.49514860739224814 0.5570391643616274 0.5575843492492185 0.5064382813487038 0.47670041029206345 0.4780408229662153 0.4620573933554142 0.3962952153281999 0.3570098360407995 0.31574814220715325 0.28288199267670266 0.1525074226678048 0.11281934999148573 0.08802517961778347 0.06470352950444953 0.005572443527041616 0.0 0.005543664743698454 0.06580671625000048 0.17638519352938758 0.2345351243559255 0.2693253307814506 0.28867131747741503 0.37113183047879816 0.41921966152142154 0.48199121482622614 0.5353233475202658 0.48763616332123333 0.46493674494219717 0.4659282029655706 0.45815931722069314 0.40706468668207163 0.38576499000207887 0.35205351215566355 0.3188272628271652 0.26316405437380813 0.2344595606137588 0.2631683502951712 0.1916982443737547 0.06002797311681428 0.005543664743698454 0.0 0.005511654588902661 0.06063161375230086 0.1609970980480573 0.22624046497904912 0.2453167468064113 0.31215142771946447 0.35512387744107243 0.4094948216121092 0.5180949111274902 0.47251127768383017 0.4538489621177967 0.4544174194003845 0.4574041862208954 0.42554646507099597 0.4204926764523888 0.4076828663898038 0.39303634337613713 0.3405373812005395 0.3213141883610402 0.3403412015362772 0.21931985372210622 0.12122231025342434 0.06580671625000048 0.005511654588902661 0.0 0.005559778925037779 0.054768307509196604 0.1263784123553789 0.17083722635094004 0.22103044257018115 0.29801451567010917 0.36673082171814697 0.5316185688939333 0.4967302597829077 0.4939479756289599 0.4882517959351006 0.4888785945615619 0.48430890525998055 0.4922936834675336 0.49341654128309703 0.4816226772822171 0.4231055655832285 0.3725640003214844 0.3663860768178162 0.25107322761142997 0.2106301336137919 0.17638519352938758 0.06063161375230086 0.005559778925037779 0.0 0.005492107426108137 0.0648633224498402 0.10729777366441247 0.17544225990844894 0.2569135042153847 0.3025894982700946 0.5780658064495743 0.5603979339651018 0.5663116318263277 0.5610419584911355 0.5701348627466106 0.5888141293277704 0.5946684318779669 0.6107153033940154 0.6038823469346299 0.5682498059282859 0.5011542744291859 0.46400420320140834 0.34394514580172697 0.29308001257103233 0.2345351243559255 0.1609970980480573 0.054768307509196604 0.005492107426108137 0.0 0.005552444336304375 0.06335674061146644 0.15897370830096497 0.23603553099161592 0.26849513864896674 0.6371965871695782 0.6316856340463127 0.6457032777024019 0.632034071591362 0.6478342863725823 0.6818453149177703 0.692523046518166 0.7033841591971641 0.6869948689676655 0.6446755240189468 0.5471302653307191 0.4926168403897041 0.3861356788121305 0.3401432126976126 0.2693253307814506 0.22624046497904912 0.1263784123553789 0.0648633224498402 0.005552444336304375 0.0 0.00550543817755678 0.065068071242422 0.1334188000143097 0.1824328746339772 0.6842398973774995 0.6850920031755738 0.7031043589404238 0.6961483620553459 0.7210748498013426 0.7543948020984556 0.7656956519837048 0.7833713882315712 0.7441181586408478 0.6942185054811822 0.5824457682601883 0.5152749301668962 0.40062949738540865 0.36410573948306607 0.28867131747741503 0.2453167468064113 0.17083722635094004 0.10729777366441247 0.06335674061146644 0.00550543817755678 0.0 0.0055335304411796415 0.058829601854232916 0.11338372422610306 0.70854845376527 0.7110168149369969 0.7251493346385873 0.7232333471276607 0.7605556206148658 0.8008515241933954 0.8152662895497139 0.8473450764283325 0.806402219714248 0.7781248917378325 0.6715527843444018 0.5952476118190317 0.4923966879770906 0.447871044633023 0.37113183047879816 0.31215142771946447 0.22103044257018115 0.17544225990844894 0.15897370830096497 0.065068071242422 0.0055335304411796415 0.0 0.005636783827984009 0.04761122109278059 0.7288188763762563 0.7278039956141358 0.7308739692567923 0.7284900029154622 0.766836800154927 0.8018268753724985 0.8112957701229033 0.8639255511708772 0.8634673944881428 0.8275281378418257 0.7484678052909436 0.6753818062753425 0.5603265661064579 0.49514860739224814 0.41921966152142154 0.35512387744107243 0.29801451567010917 0.2569135042153847 0.23603553099161592 0.1334188000143097 0.058829601854232916 0.005636783827984009 0.0 0.005639773989718019 0.767504669771014 0.7668008301120701 0.7613688962071854 0.761990157806266 0.801481119433259 0.8303082400125886 0.8321899797203927 0.8815678854974085 0.8890332356412809 0.8382600726471653 0.794817558976845 0.7291573361178467 0.6222065253319751 0.5570391643616274 0.48199121482622614 0.4094948216121092 0.36673082171814697 0.3025894982700946 0.26849513864896674 0.1824328746339772 0.11338372422610306 0.04761122109278059 0.005639773989718019 0.0
