0.0 0.38304028265060447 0.645162141766976 1.0250612044831056 1.2546142582680688 1.5640964897430318 1.7681395364625785 1.8789931596694711 1.795782347244863 1.9551316284373854 1.7778623099139554 1.4512027830313465 1.4682514502491033 1.681572852039103 1.6966807672333168 1.5871183804614062 1.3805650701368803 1.036831773774673 0.8333118445290374 0.543743538055659 0.5306858361248541 0.5830485762559636 0.5425591119250198 0.9165163376541324 0.9616260038672347 0.7704143349368656 0.9990886056002125 1.2933473455064106 1.337605666090764 1.1733839500500094 1.2124623781294723 1.5295491251696531 1.6863844216663666 1.5984902505736165 1.4569459714215138 1.1510348447090262 1.0380126072406717 0.7700733631599068 0.8423800292949337 0.38304028265060447 0.0 0.3871325437661172 0.7230800462159428 1.0139215202181855 1.3369191193005887 1.5701303939857034 1.6769474855441935 1.6585381281010338 1.8360303352390737 1.6746225188849024 1.3290908233677698 1.2629363106008156 1.417483155639136 1.4063852660987413 1.2494097306203371 1.0378860689590197 0.6780479339661487 0.5637657153932487 0.4343551737135818 0.6298863447803887 0.8609826103970917 0.8702077294956171 1.219578140626662 1.1761302769408695 0.9186302333807406 1.1863249544075674 1.4912681147815776 1.4551837458655086 1.2004052193056363 1.2414020849996539 1.6027137791572952 1.6966264983107024 1.5369251502846226 1.3537260401169517 1.0085545254581212 0.8857271856174531 0.6255649119708102 0.555772183789417 0.645162141766976 0.3871325437661172 0.0 0.38415748351560847 0.65205003568611 0.956268777835799 1.2031691582701967 1.3500073320196349 1.364085227087977 1.594052341418551 1.498823571677391 1.1355752048073007 1.03431129038094 1.1512630587885435 1.0891035490090908 0.9705885043154467 0.839900542111893 0.5687770942642694 0.5378838581316789 0.6116651198330615 0.7077024403213005 0.975802554125987 0.9594925381093722 1.2384125741814944 1.1138059598248014 0.7958938281767252 1.0663253711395027 1.3562003929764868 1.2517309165921333 0.9333172827897975 0.9683920275299686 1.3439590132258823 1.3872083891787435 1.1890363363131524 0.9952478112566959 0.6369264052717452 0.5526042149630453 0.4430002832994867 0.47571837999708666 1.0250612044831056 0.7230800462159428 0.38415748351560847 0.0 0.3844976279975242 0.6599531661571993 0.9409131416722888 1.1036878738778004 1.2126098930017324 1.4756806817193784 1.4407533474523262 1.0878943649786685 0.8916525222870255 0.8931002086109381 0.7505973196873037 0.6089483728087104 0.5788853251567332 0.46906281981677217 0.629993864079972 0.8795414200497881 1.0082444871774172 1.3128227035125322 1.3146801953968494 1.5533727091865346 1.373691889862097 1.054437421724713 1.3080270612069949 1.5654232028631272 1.3901068407070203 1.0215851722932112 1.0560792288060419 1.421172252466429 1.3781375861605198 1.1126864491617905 0.8851455867765482 0.5502470943848896 0.538380608358352 0.6201055586190508 0.5704003301208569 1.2546142582680688 1.0139215202181855 0.65205003568611 0.3844976279975242 0.0 0.38535345639883267 0.5738949728389836 0.7399058435408886 0.8584087870885331 1.1542565671031062 1.1878811757663539 0.8591485515606655 0.6671262299923297 0.6576820311033404 0.525996068181984 0.5954888380151634 0.641017787125952 0.7103149582678437 0.7844995723849831 1.0551349207578333 1.092395113918918 1.3920144518438833 1.4276297580354735 1.5868567098196003 1.3324142097314464 1.0576834447464483 1.3156485408313163 1.492162983617249 1.2374413658634782 0.8633713479551434 0.9750359856426659 1.285978662243083 1.147818225914481 0.9035640664543795 0.5981783690808458 0.40940414079897947 0.6460894747276437 0.8857426055800237 0.9375574255157287 1.5640964897430318 1.3369191193005887 0.956268777835799 0.6599531661571993 0.38535345639883267 0.0 0.38566913505285366 0.7084474535966085 0.9168929721913545 1.2651140676009633 1.3970435639584278 1.114778410586874 0.9274501957203622 0.8127000293713467 0.5462561009133362 0.6790470046741747 0.8983657047424382 1.0369402449386647 1.1629855372780091 1.4275396764202375 1.436820496929187 1.6996211901279055 1.6841575214287783 1.8013366843818066 1.5504030894765086 1.2653740421224018 1.4422980200097524 1.5950456213008872 1.32816134206741 0.9638320567253347 0.9936767199281855 1.2474921493323952 1.0569959334281067 0.7464756275857597 0.532742627654565 0.496501848569452 0.7154724334909127 1.0507070552015851 1.141193074859625 1.7681395364625785 1.5701303939857034 1.2031691582701967 0.9409131416722888 0.5738949728389836 0.38566913505285366 0.0 0.38649157517090243 0.6119260620468661 0.9659153585459016 1.1718006476456837 0.9664517547927968 0.8248238535820857 0.7157366125472818 0.569101789813033 0.871796271626771 1.0446536796603691 1.2400930249865216 1.2991908151533536 1.5667157858670513 1.5324911690713212 1.7920740234770203 1.8295606445455088 1.8919615340141778 1.5863018361300583 1.3755692059278752 1.5710804579786826 1.6392740393237486 1.3112393054654858 0.9965066441101003 1.1285816756885392 1.3024131396261633 1.018515490440529 0.8122852091291517 0.5317046317806977 0.7082434358852994 1.0291029347393006 1.3653162255063414 1.4707209442770162 1.8789931596694711 1.6769474855441935 1.3500073320196349 1.1036878738778004 0.7399058435408886 0.7084474535966085 0.38649157517090243 0.0 0.38525283314230335 0.6615676232153339 0.8934530111028394 0.7766697279369587 0.6392895439839762 0.5291388938311848 0.5899541101737961 0.9501602010011725 1.0358071065264929 1.277960549713223 1.293636087626115 1.5796102112725572 1.559136396111446 1.8445514227947517 1.9561198719695205 2.0156656387065075 1.6759886468396417 1.526770589037238 1.7767709465676351 1.8102036429999124 1.4555573337817835 1.177589984786228 1.3969838854920864 1.5604940978037987 1.2602045302724483 1.1343385670652237 0.8039589321178113 0.9706910912648296 1.3120234620971218 1.60339514111601 1.666274920331544 1.795782347244863 1.6585381281010338 1.364085227087977 1.2126098930017324 0.8584087870885331 0.9168929721913545 0.6119260620468661 0.38525283314230335 0.0 0.383742069600558 0.6370867921316554 0.5680678767634004 0.6193906434705373 0.7234095235060838 0.8826002865276438 1.210588989053088 1.2059346975259597 1.3716710235946479 1.281018598450888 1.4993096513498148 1.4057766339087554 1.652878262612218 1.797938826157066 1.8101789108202122 1.446630192961779 1.3726606704068858 1.6344135622714187 1.6094778430006103 1.2407056586707015 1.0310367122403754 1.325823374080053 1.4485666699448345 1.1533591028069512 1.1361623710164745 0.7933086078790352 1.0022783203356285 1.375824783580185 1.6446604677377965 1.7532501468170991 1.9551316284373854 1.8360303352390737 1.594052341418551 1.4756806817193784 1.1542565671031062 1.2651140676009633 0.9659153585459016 0.6615676232153339 0.383742069600558 0.0 0.3859084962018288 0.5627262660768435 0.7099236827769139 0.8649270580671089 1.1263228478945717 1.447389455221555 1.376961302998639 1.5415631341004994 1.4011628633793514 1.5971584495270346 1.5035635129240998 1.7448057437529267 1.9533565836005515 1.951990571920088 1.5775071905095928 1.576492395351519 1.8641628731958093 1.8035434184028294 1.440108685743069 1.2912602149381598 1.6254885803067094 1.7309792483218203 1.446250330546113 1.480786559560828 1.1387483543993402 1.3256865180933075 1.692620026617893 1.9231495130585237 2.0073600644252174 1.7778623099139554 1.6746225188849024 1.498823571677391 1.4407533474523262 1.1878811757663539 1.3970435639584278 1.1718006476456837 0.8934530111028394 0.6370867921316554 0.3859084962018288 0.0 0.3867973719614026 0.6366847507418452 0.8990543491263997 1.2157863907803006 1.475097022276767 1.3127781905667668 1.4187838527421286 1.2156313754142554 1.3733457521649843 1.2955910849727519 1.5456369005528283 1.8066786758469853 1.8339888456520235 1.4733605328504238 1.503329684649541 1.8317786486044665 1.7926223832396662 1.4639231112570772 1.3240667453905008 1.6785308812366133 1.8237121319869267 1.5977136478998974 1.6327039782563393 1.2724598642358282 1.3749926944210922 1.7104851570682473 1.8747625713701819 1.9301778638741596 1.4512027830313465 1.3290908233677698 1.1355752048073007 1.0878943649786685 0.8591485515606655 1.114778410586874 0.9664517547927968 0.7766697279369587 0.5680678767634004 0.5627262660768435 0.3867973719614026 0.0 0.3857687310316618 0.7139895366021007 0.9843655183974492 1.202658529318684 1.0319586883291578 1.096696981942992 0.8929326395362056 1.067277726542651 1.0029795188815165 1.2865128119193905 1.515419694210759 1.585114159169588 1.2386135653911432 1.20255161741868 1.5438672657505965 1.5628856930220025 1.2502131090739526 1.0486845495737016 1.38125611788197 1.5780533218368862 1.3890938740629937 1.3743634938890426 1.0055557701884659 1.0427996140270381 1.3583834671531394 1.5101396867949093 1.5677990043794863 1.4682514502491033 1.2629363106008156 1.03431129038094 0.8916525222870255 0.6671262299923297 0.9274501957203622 0.8248238535820857 0.6392895439839762 0.6193906434705373 0.7099236827769139 0.6366847507418452 0.3857687310316618 0.0 0.3835227501782563 0.6820392031375389 0.8896891751083862 0.7289235150123428 0.8750399370165802 0.7828681898398298 1.0630585581182892 1.1016429589655885 1.436698845715184 1.6280407464237174 1.754547473985023 1.4329579948012234 1.3095715768329765 1.6479509682293272 1.7293998512390871 1.423102348574624 1.1441187629554483 1.4182112086389858 1.664032113004442 1.468687144540434 1.363680767845899 0.9852254198004158 0.96355021063033 1.2521577772599366 1.4116687185101278 1.4102244334770224 1.681572852039103 1.417483155639136 1.1512630587885435 0.8931002086109381 0.6576820311033404 0.8127000293713467 0.7157366125472818 0.5291388938311848 0.7234095235060838 0.8649270580671089 0.8990543491263997 0.7139895366021007 0.3835227501782563 0.0 0.3852375300734455 0.6467994639610464 0.6034792527697571 0.8912358142819683 0.9513698221843352 1.2952562809375343 1.3906368881603808 1.7376025545776703 1.887989651034712 2.033819980460864 1.7250299878243738 1.5488864470366386 1.8581999784736662 1.9660456250784069 1.6542100053740214 1.336558295188504 1.550009045279595 1.8042151111289086 1.5804462374085573 1.4063439456126394 1.0487452996466113 1.028240620351929 1.2890738778066781 1.482157026237877 1.4352833537802712 1.6966807672333168 1.4063852660987413 1.0891035490090908 0.7505973196873037 0.525996068181984 0.5462561009133362 0.569101789813033 0.5899541101737961 0.8826002865276438 1.1263228478945717 1.2157863907803006 0.9843655183974492 0.6820392031375389 0.3852375300734455 0.0 0.3863601504723421 0.5757051169159377 0.8780817420632021 1.047479649286716 1.398453214211477 1.5027869646424752 1.8369408277185122 1.9156443533046363 2.074692516438573 1.7954887201290473 1.55361848027801 1.8148758328233767 1.9617481185827792 1.6695405914108097 1.3147061915521818 1.4407893790824382 1.7093432797317494 1.4963887113736631 1.2454072716290003 0.9441110223422428 0.8901508129219916 1.0985326108851663 1.3294464512727868 1.2823336445294304 1.5871183804614062 1.2494097306203371 0.9705885043154467 0.6089483728087104 0.5954888380151634 0.6790470046741747 0.871796271626771 0.9501602010011725 1.210588989053088 1.447389455221555 1.475097022276767 1.202658529318684 0.8896891751083862 0.6467994639610464 0.3863601504723421 0.0 0.38740774654920884 0.6710484057807086 0.9588538464557675 1.3170268275257215 1.4971753052465284 1.8411388668881834 1.8932475442056416 2.11094912540396 1.8819077182129873 1.5971020379414065 1.8538755911422602 2.0649731912036624 1.8229580006313377 1.4485443486622693 1.515251831987404 1.8341922531598052 1.687052513077034 1.3929706990146662 1.1330772618370093 0.9508205758790211 1.0296337335602532 1.1800809470816784 1.0415556196392792 1.3805650701368803 1.0378860689590197 0.839900542111893 0.5788853251567332 0.641017787125952 0.8983657047424382 1.0446536796603691 1.0358071065264929 1.2059346975259597 1.376961302998639 1.3127781905667668 1.0319586883291578 0.7289235150123428 0.6034792527697571 0.5757051169159377 0.38740774654920884 0.0 0.3839502422063134 0.6495794608650787 1.025204447147553 1.2540869532893442 1.6215096718480861 1.7301480561406124 1.9731348956638464 1.7473887835353694 1.4982744032520792 1.8058507334827048 2.0176063105991737 1.7885453748658553 1.4344262109803743 1.5588890920020058 1.8954959962378208 1.7761528430788176 1.533090645596309 1.2276578476288267 1.0105722642508488 1.0984116062744498 1.1612895461366075 0.9849820972802222 1.036831773774673 0.6780479339661487 0.5687770942642694 0.46906281981677217 0.7103149582678437 1.0369402449386647 1.2400930249865216 1.277960549713223 1.3716710235946479 1.5415631341004994 1.4187838527421286 1.096696981942992 0.8750399370165802 0.8912358142819683 0.8780817420632021 0.6710484057807086 0.3839502422063134 0.0 0.3850927581621184 0.7135442517499708 0.9925339302872617 1.349182850124223 1.4439015493376894 1.7296738685441682 1.5564923896649427 1.2977369999472965 1.6083588554136488 1.8592990865280459 1.6893724045189888 1.3522901178125022 1.4538411406403355 1.8168637130469434 1.7713386155120783 1.545126423447761 1.268876083768374 0.9716496655110631 0.9745246884670016 0.9211521019814054 0.7118288296652593 0.8333118445290374 0.5637657153932487 0.5378838581316789 0.629993864079972 0.7844995723849831 1.1629855372780091 1.2991908151533536 1.293636087626115 1.281018598450888 1.4011628633793514 1.2156313754142554 0.8929326395362056 0.7828681898398298 0.9513698221843352 1.047479649286716 0.9588538464557675 0.6495794608650787 0.3850927581621184 0.0 0.38553704365027264 0.6542969041591586 1.029144481728507 1.1963717051508935 1.466988457808216 1.2796050261397043 1.0872448025134829 1.4401800763929002 1.6550215165102204 1.4920712273525196 1.2049921902156815 1.3764537387572584 1.7180239717517671 1.6884341569667058 1.5383226269222312 1.2400017257360532 0.9759296481787679 1.0414415692888253 0.9717854631330678 0.8670175535412878 0.543743538055659 0.4343551737135818 0.6116651198330615 0.8795414200497881 1.0551349207578333 1.4275396764202375 1.5667157858670513 1.5796102112725572 1.4993096513498148 1.5971584495270346 1.3733457521649843 1.067277726542651 1.0630585581182892 1.2952562809375343 1.398453214211477 1.3170268275257215 1.025204447147553 0.7135442517499708 0.38553704365027264 0.0 0.38716692523733554 0.7189920481791995 0.9166961146435424 1.2151713964514017 1.0942457117526518 0.9543952812811443 1.3007304371038861 1.5202377103348972 1.4313532477378295 1.2147892797386577 1.379688172666502 1.7055081698800418 1.7460015982570458 1.6496173203538913 1.3927537741870104 1.1229670201076016 1.1429877704635458 0.9864600407553622 0.941232005305103 0.5306858361248541 0.6298863447803887 0.7077024403213005 1.0082444871774172 1.092395113918918 1.436820496929187 1.5324911690713212 1.559136396111446 1.4057766339087554 1.5035635129240998 1.2955910849727519 1.0029795188815165 1.1016429589655885 1.3906368881603808 1.5027869646424752 1.4971753052465284 1.2540869532893442 0.9925339302872617 0.6542969041591586 0.38716692523733554 0.0 0.3840650396655554 0.6409267932794676 0.8715580135994104 0.7224664059989898 0.6600945502033524 1.0171746088760707 1.1833249640266013 1.1107967751499668 0.9675970872779622 1.1717065615006503 1.4480293382462288 1.5110858475467772 1.4903249648864219 1.2593256811666653 1.0516005868224796 1.1241715946738684 1.0215171618947845 1.1148581557152113 0.5830485762559636 0.8609826103970917 0.975802554125987 1.3128227035125322 1.3920144518438833 1.6996211901279055 1.7920740234770203 1.8445514227947517 1.652878262612218 1.7448057437529267 1.5456369005528283 1.2865128119193905 1.436698845715184 1.7376025545776703 1.8369408277185122 1.8411388668881834 1.6215096718480861 1.349182850124223 1.029144481728507 0.7189920481791995 0.3840650396655554 0.0 0.3867792593224733 0.566319503905533 0.5461806999259062 0.6182971037896391 0.884143888611453 1.014846907705525 1.054008562983238 1.0325589981233447 1.2008919531559383 1.4150140557571103 1.552036850001739 1.596621877239429 1.4342991105158265 1.2573824733483192 1.2975549992904158 1.1703975344788473 1.333070952671322 0.5425591119250198 0.8702077294956171 0.9594925381093722 1.3146801953968494 1.4276297580354735 1.6841575214287783 1.8295606445455088 1.9561198719695205 1.797938826157066 1.9533565836005515 1.8066786758469853 1.515419694210759 1.6280407464237174 1.887989651034712 1.9156443533046363 1.8932475442056416 1.7301480561406124 1.4439015493376894 1.1963717051508935 0.9166961146435424 0.6409267932794676 0.3867792593224733 0.0 0.38436217329956957 0.5570730160875115 0.5023515551473533 0.6223848619426515 0.8464853065114852 0.9926635312566152 0.9799568017623702 1.0243052529690466 1.2352238961868844 1.4540421138640247 1.4806525902750833 1.406273356567588 1.202427323414677 1.1567254629538097 1.0000115427033278 1.232866907183587 0.9165163376541324 1.219578140626662 1.2384125741814944 1.5533727091865346 1.5868567098196003 1.8013366843818066 1.8919615340141778 2.0156656387065075 1.8101789108202122 1.951990571920088 1.8339888456520235 1.585114159169588 1.754547473985023 2.033819980460864 2.074692516438573 2.11094912540396 1.9731348956638464 1.7296738685441682 1.466988457808216 1.2151713964514017 0.8715580135994104 0.566319503905533 0.38436217329956957 0.0 0.3848127076901082 0.5416774946948584 0.529149584412435 0.5797203874907375 0.8032825695606798 0.9379477147841024 1.006058727510108 1.097927676934811 1.3356720164522866 1.4581743260475784 1.4246590688820044 1.3160072679315742 1.3348374853369862 1.2645808286137314 1.5475569232873287 0.9616260038672347 1.1761302769408695 1.1138059598248014 1.373691889862097 1.3324142097314464 1.5504030894765086 1.5863018361300583 1.6759886468396417 1.446630192961779 1.5775071905095928 1.4733605328504238 1.2386135653911432 1.4329579948012234 1.7250299878243738 1.7954887201290473 1.8819077182129873 1.7473887835353694 1.5564923896649427 1.2796050261397043 1.0942457117526518 0.7224664059989898 0.5461806999259062 0.5570730160875115 0.3848127076901082 0.0 0.3847339701640094 0.5594135243840503 0.522547026126565 0.5432773964741389 0.6642716963498666 0.8651782827331405 0.9656318664298975 1.1034203750912508 1.2458628721079643 1.1461831946630427 1.0950638933079475 1.2171461442766567 1.2332687353223881 1.50538122123582 0.7704143349368656 0.9186302333807406 0.7958938281767252 1.054437421724713 1.0576834447464483 1.2653740421224018 1.3755692059278752 1.526770589037238 1.3726606704068858 1.576492395351519 1.503329684649541 1.20255161741868 1.3095715768329765 1.5488864470366386 1.55361848027801 1.5971020379414065 1.4982744032520792 1.2977369999472965 1.0872448025134829 0.9543952812811443 0.6600945502033524 0.6182971037896391 0.5023515551473533 0.5416774946948584 0.3847339701640094 0.0 0.3856135388869354 0.5867157900735854 0.5740007779915636 0.4816066625926679 0.587275117477233 0.8201417396773728 0.9760565658000789 1.0062949728981585 0.9219223153353916 0.7808389329722882 0.8446895753726344 0.8622114061875197 1.157879753829842 0.9990886056002125 1.1863249544075674 1.0663253711395027 1.3080270612069949 1.3156485408313163 1.4422980200097524 1.5710804579786826 1.7767709465676351 1.6344135622714187 1.8641628731958093 1.8317786486044665 1.5438672657505965 1.6479509682293272 1.8581999784736662 1.8148758328233767 1.8538755911422602 1.8058507334827048 1.6083588554136488 1.4401800763929002 1.3007304371038861 1.0171746088760707 0.884143888611453 0.6223848619426515 0.529149584412435 0.5594135243840503 0.3856135388869354 0.0 0.3860023503523001 0.5832689483394893 0.6230983882217012 0.524960711341483 0.6427418796797908 0.9338461036824214 1.0026433096075302 1.062190457656797 0.9609895094920308 0.9503779249371629 0.9751124249009454 1.3289255923579892 1.2933473455064106 1.4912681147815776 1.3562003929764868 1.5654232028631272 1.492162983617249 1.5950456213008872 1.6392740393237486 1.8102036429999124 1.6094778430006103 1.8035434184028294 1.7926223832396662 1.5628856930220025 1.7293998512390871 1.9660456250784069 1.9617481185827792 2.0649731912036624 2.0176063105991737 1.8592990865280459 1.6550215165102204 1.5202377103348972 1.1833249640266013 1.014846907705525 0.8464853065114852 0.5797203874907375 0.522547026126565 0.5867157900735854 0.3860023503523001 0.0 0.38651977957906797 0.6587160596559614 0.6814914580983232 0.5943510603164018 0.8501223632785553 1.0620068519562134 1.1264740790583254 1.1496830043997632 1.2395017036941758 1.3265434946293166 1.6737383070556795 1.337605666090764 1.4551837458655086 1.2517309165921333 1.3901068407070203 1.2374413658634782 1.32816134206741 1.3112393054654858 1.4555573337817835 1.2407056586707015 1.440108685743069 1.4639231112570772 1.2502131090739526 1.423102348574624 1.6542100053740214 1.6695405914108097 1.8229580006313377 1.7885453748658553 1.6893724045189888 1.4920712273525196 1.4313532477378295 1.1107967751499668 1.054008562983238 0.9926635312566152 0.8032825695606798 0.5432773964741389 0.5740007779915636 0.5832689483394893 0.38651977957906797 0.0 0.3852635068425342 0.5870440004125337 0.5264612724057917 0.5966330971415684 0.8386319190442608 0.8253866972990307 0.9340587887407205 1.1349907544416478 1.3051476906439343 1.6254901149353276 1.1733839500500094 1.2004052193056363 0.9333172827897975 1.0215851722932112 0.8633713479551434 0.9638320567253347 0.9965066441101003 1.177589984786228 1.0310367122403754 1.2912602149381598 1.3240667453905008 1.0486845495737016 1.1441187629554483 1.336558295188504 1.3147061915521818 1.4485443486622693 1.4344262109803743 1.3522901178125022 1.2049921902156815 1.2147892797386577 0.9675970872779622 1.0325589981233447 0.9799568017623702 0.9379477147841024 0.6642716963498666 0.4816066625926679 0.6230983882217012 0.6587160596559614 0.3852635068425342 0.0 0.38571621054605176 0.5620491952853508 0.5459852447692795 0.6032287663712694 0.5008929965003197 0.5533930544565271 0.792985578175684 1.0093299557834574 1.3066274374186997 1.2124623781294723 1.2414020849996539 0.9683920275299686 1.0560792288060419 0.9750359856426659 0.9936767199281855 1.1285816756885392 1.3969838854920864 1.325823374080053 1.6254885803067094 1.6785308812366133 1.38125611788197 1.4182112086389858 1.550009045279595 1.4407893790824382 1.515251831987404 1.5588890920020058 1.4538411406403355 1.3764537387572584 1.379688172666502 1.1717065615006503 1.2008919531559383 1.0243052529690466 1.006058727510108 0.8651782827331405 0.587275117477233 0.524960711341483 0.6814914580983232 0.5870440004125337 0.38571621054605176 0.0 0.38559710116311663 0.5503466278056264 0.48946338008892837 0.6130290723824525 0.5735948216140484 0.6412566295786062 0.867941396328441 1.220260703436206 1.5295491251696531 1.6027137791572952 1.3439590132258823 1.421172252466429 1.285978662243083 1.2474921493323952 1.3024131396261633 1.5604940978037987 1.4485666699448345 1.7309792483218203 1.8237121319869267 1.5780533218368862 1.664032113004442 1.8042151111289086 1.7093432797317494 1.8341922531598052 1.8954959962378208 1.8168637130469434 1.7180239717517671 1.7055081698800418 1.4480293382462288 1.4150140557571103 1.2352238961868844 1.097927676934811 0.9656318664298975 0.8201417396773728 0.6427418796797908 0.5943510603164018 0.5264612724057917 0.5620491952853508 0.38559710116311663 0.0 0.3875411098795774 0.5605956648211216 0.7902588985088789 0.9021820487272553 1.0098116242167356 1.2411630707907528 1.6004256101314926 1.6863844216663666 1.6966264983107024 1.3872083891787435 1.3781375861605198 1.147818225914481 1.0569959334281067 1.018515490440529 1.2602045302724483 1.1533591028069512 1.446250330546113 1.5977136478998974 1.3890938740629937 1.468687144540434 1.5804462374085573 1.4963887113736631 1.687052513077034 1.7761528430788176 1.7713386155120783 1.6884341569667058 1.7460015982570458 1.5110858475467772 1.552036850001739 1.4540421138640247 1.3356720164522866 1.1034203750912508 0.9760565658000789 0.9338461036824214 0.8501223632785553 0.5966330971415684 0.5459852447692795 0.5503466278056264 0.3875411098795774 0.0 0.3881300705579901 0.5652620576010257 0.8313275156019289 1.06151006296435 1.367834631765899 1.6843308191786608 1.5984902505736165 1.5369251502846226 1.1890363363131524 1.1126864491617905 0.9035640664543795 0.7464756275857597 0.8122852091291517 1.1343385670652237 1.1361623710164745 1.480786559560828 1.6327039782563393 1.3743634938890426 1.363680767845899 1.4063439456126394 1.2454072716290003 1.3929706990146662 1.533090645596309 1.545126423447761 1.5383226269222312 1.6496173203538913 1.4903249648864219 1.596621877239429 1.4806525902750833 1.4581743260475784 1.2458628721079643 1.0062949728981585 1.0026433096075302 1.0620068519562134 0.8386319190442608 0.6032287663712694 0.48946338008892837 0.5605956648211216 0.3881300705579901 0.0 0.3860020474033164 0.5820793718266052 0.7757134351324462 1.1297002159449792 1.4190413113254023 1.4569459714215138 1.3537260401169517 0.9952478112566959 0.8851455867765482 0.5981783690808458 0.532742627654565 0.5317046317806977 0.8039589321178113 0.7933086078790352 1.1387483543993402 1.2724598642358282 1.0055557701884659 0.9852254198004158 1.0487452996466113 0.9441110223422428 1.1330772618370093 1.2276578476288267 1.268876083768374 1.2400017257360532 1.3927537741870104 1.2593256811666653 1.4342991105158265 1.406273356567588 1.4246590688820044 1.1461831946630427 0.9219223153353916 1.062190457656797 1.1264740790583254 0.8253866972990307 0.5008929965003197 0.6130290723824525 0.7902588985088789 0.5652620576010257 0.3860020474033164 0.0 0.3860238554103978 0.7365539275734674 1.0796087838141997 1.3075804850074513 1.1510348447090262 1.0085545254581212 0.6369264052717452 0.5502470943848896 0.40940414079897947 0.496501848569452 0.7082434358852994 0.9706910912648296 1.0022783203356285 1.3256865180933075 1.3749926944210922 1.0427996140270381 0.96355021063033 1.028240620351929 0.8901508129219916 0.9508205758790211 1.0105722642508488 0.9716496655110631 0.9759296481787679 1.1229670201076016 1.0516005868224796 1.2573824733483192 1.202427323414677 1.3160072679315742 1.0950638933079475 0.7808389329722882 0.9609895094920308 1.1496830043997632 0.9340587887407205 0.5533930544565271 0.5735948216140484 0.9021820487272553 0.8313275156019289 0.5820793718266052 0.3860238554103978 0.0 0.3866308760235241 0.7090140938510118 0.9240195786496634 1.0380126072406717 0.8857271856174531 0.5526042149630453 0.538380608358352 0.6460894747276437 0.7154724334909127 1.0291029347393006 1.3120234620971218 1.375824783580185 1.692620026617893 1.7104851570682473 1.3583834671531394 1.2521577772599366 1.2890738778066781 1.0985326108851663 1.0296337335602532 1.0984116062744498 0.9745246884670016 1.0414415692888253 1.1429877704635458 1.1241715946738684 1.2975549992904158 1.1567254629538097 1.3348374853369862 1.2171461442766567 0.8446895753726344 0.9503779249371629 1.2395017036941758 1.1349907544416478 0.792985578175684 0.6412566295786062 1.0098116242167356 1.06151006296435 0.7757134351324462 0.7365539275734674 0.3866308760235241 0.0 0.38695180480038854 0.6513687626676982 0.7700733631599068 0.6255649119708102 0.4430002832994867 0.6201055586190508 0.8857426055800237 1.0507070552015851 1.3653162255063414 1.60339514111601 1.6446604677377965 1.9231495130585237 1.8747625713701819 1.5101396867949093 1.4116687185101278 1.482157026237877 1.3294464512727868 1.1800809470816784 1.1612895461366075 0.9211521019814054 0.9717854631330678 0.9864600407553622 1.0215171618947845 1.1703975344788473 1.0000115427033278 1.2645808286137314 1.2332687353223881 0.8622114061875197 0.9751124249009454 1.3265434946293166 1.3051476906439343 1.0093299557834574 0.867941396328441 1.2411630707907528 1.367834631765899 1.1297002159449792 1.0796087838141997 0.7090140938510118 0.38695180480038854 0.0 0.3848268762698829 0.8423800292949337 0.555772183789417 0.47571837999708666 0.5704003301208569 0.9375574255157287 1.141193074859625 1.4707209442770162 1.666274920331544 1.7532501468170991 2.0073600644252174 1.9301778638741596 1.5677990043794863 1.4102244334770224 1.4352833537802712 1.2823336445294304 1.0415556196392792 0.9849820972802222 0.7118288296652593 0.8670175535412878 0.941232005305103 1.1148581557152113 1.333070952671322 1.232866907183587 1.5475569232873287 1.50538122123582 1.157879753829842 1.3289255923579892 1.6737383070556795 1.6254901149353276 1.3066274374186997 1.220260703436206 1.6004256101314926 1.6843308191786608 1.4190413113254023 1.3075804850074513 0.9240195786496634 0.6513687626676982 0.3848268762698829 0.0
