0.0 0.38355339396981986 0.5847561577663549 0.5890239679665543 0.6433874167953113 0.8673927155148965 1.0288474437154522 1.0841241671752104 1.229776092708271 1.441547948794081 1.3365745727166347 1.6117016926534595 1.8021140950817738 1.573024245983652 1.6372632961989868 1.5030346141392077 1.2473155116373449 1.0012598630867076 1.0435620685736315 1.0428940058035427 0.38355339396981986 0.0 0.38699681930280966 0.5550992935970458 0.5070778374662209 0.617048243697817 0.8710847756866469 0.9770504183717355 1.0391697984372588 1.2427605612810948 1.111611429732786 1.356800762503118 1.5496059734581626 1.301881796815276 1.3368992883421806 1.1930995535963436 0.9468444487513189 0.7058820527893873 0.7975037798998285 0.8834302557423307 0.5847561577663549 0.38699681930280966 0.0 0.38536790287960015 0.5382331624317145 0.49566014175900247 0.6223794496832722 0.8601258804992027 0.973471587670734 1.0618105749309301 0.8526567184733308 1.09801954022018 1.3460738880184684 1.179150156461291 1.2170636884507515 1.0642869995020798 0.771265380067436 0.6322073438850679 0.7787830018388993 0.8493375078503217 0.5890239679665543 0.5550992935970458 0.38536790287960015 0.0 0.38606229194589825 0.5470436358347014 0.5087412778852367 0.6213047098545478 0.8688052195974082 0.9875997928306074 0.887304117729807 1.2186241402826155 1.4038686485963285 1.2569500540891814 1.3963369810885906 1.3251320363172758 1.0818195115605684 0.9847960626331809 1.1496785994338852 1.19302169977352 0.6433874167953113 0.5070778374662209 0.5382331624317145 0.38606229194589825 0.0 0.3870828990607315 0.5425045212601349 0.49409975665835254 0.6144755565191585 0.8640318141129836 0.864823818516037 1.196129674577831 1.2991202301897231 1.070175325783207 1.2418726781386638 1.2268305345739516 1.0621289999896075 0.9655454571569535 1.174648421789985 1.301540527938158 0.8673927155148965 0.617048243697817 0.49566014175900247 0.5470436358347014 0.3870828990607315 0.0 0.3860261538398219 0.5435816000245769 0.50364456818966 0.6355825320791914 0.5389188170886688 0.8302927204560591 0.9640103855155118 0.7446829427424221 0.8832095716148126 0.8692995386415288 0.7318782873756744 0.7305525579728733 1.0100611651941058 1.2016372145091092 1.0288474437154522 0.8710847756866469 0.6223794496832722 0.5087412778852367 0.5425045212601349 0.3860261538398219 0.0 0.3865983975829469 0.5479376268849195 0.5089683735800292 0.41938921804062995 0.7896433152486307 0.929552869318945 0.850633396739941 1.052283788826999 1.0747800271923373 0.9295215337573728 0.9906505016608753 1.2632367242115026 1.3966726881149565 1.0841241671752104 0.9770504183717355 0.8601258804992027 0.6213047098545478 0.49409975665835254 0.5435816000245769 0.3865983975829469 0.0 0.38868059245077646 0.5334232831410556 0.6905458945270537 1.059944336046594 1.0748552724331977 0.9460178138541405 1.227919864039484 1.3189391969413444 1.2268868762764942 1.2550596661368334 1.5242607832296104 1.6647701450368229 1.229776092708271 1.0391697984372588 0.973471587670734 0.8688052195974082 0.6144755565191585 0.50364456818966 0.5479376268849195 0.38868059245077646 0.0 0.38519899252250767 0.6240029246576827 0.9213062109724239 0.8496167709001725 0.6379254044079603 0.9487325590734557 1.103518254740535 1.1082787995685162 1.1773187858391538 1.480743312323666 1.6882912617011478 1.441547948794081 1.2427605612810948 1.0618105749309301 0.9875997928306074 0.8640318141129836 0.6355825320791914 0.5089683735800292 0.5334232831410556 0.38519899252250767 0.0 0.3854305987991582 0.6554621485620075 0.5699476000342353 0.5348478505671304 0.8587597692654281 1.0407671402212977 1.06599951736925 1.2239992312476509 1.5485189245419644 1.7505627535153168 1.3365745727166347 1.111611429732786 0.8526567184733308 0.887304117729807 0.864823818516037 0.5389188170886688 0.41938921804062995 0.6905458945270537 0.6240029246576827 0.3854305987991582 0.0 0.38830101494242714 0.5515727992400603 0.5621728842734891 0.7362819640538361 0.8094435755175942 0.7682395134196738 0.9562889611062462 1.274132282694983 1.4643119959009039 1.6117016926534595 1.356800762503118 1.09801954022018 1.2186241402826155 1.196129674577831 0.8302927204560591 0.7896433152486307 1.059944336046594 0.9213062109724239 0.6554621485620075 0.38830101494242714 0.0 0.3873091713075837 0.5440985162762171 0.5628848885835958 0.6547063932285859 0.7232314051483483 1.000292220072957 1.3172752455319618 1.5353412772674493 1.8021140950817738 1.5496059734581626 1.3460738880184684 1.4038686485963285 1.2991202301897231 0.9640103855155118 0.929552869318945 1.0748552724331977 0.8496167709001725 0.5699476000342353 0.5515727992400603 0.3873091713075837 0.0 0.38713602975731487 0.5669161776733682 0.8350586606194232 1.0033067920277914 1.2668410020656853 1.5994806826050318 1.8452221712784815 1.573024245983652 1.301881796815276 1.179150156461291 1.2569500540891814 1.070175325783207 0.7446829427424221 0.850633396739941 0.9460178138541405 0.6379254044079603 0.5348478505671304 0.5621728842734891 0.5440985162762171 0.38713602975731487 0.0 0.38641326706159246 0.6776511511879107 0.8610118279541842 1.0687021035507651 1.4040049353774067 1.676642199704247 1.6372632961989868 1.3368992883421806 1.2170636884507515 1.3963369810885906 1.2418726781386638 0.8832095716148126 1.052283788826999 1.227919864039484 0.9487325590734557 0.8587597692654281 0.7362819640538361 0.5628848885835958 0.5669161776733682 0.38641326706159246 0.0 0.3847680407235731 0.6696766306923038 0.9265806395927646 1.2366620039723872 1.5306576081035863 1.5030346141392077 1.1930995535963436 1.0642869995020798 1.3251320363172758 1.2268305345739516 0.8692995386415288 1.0747800271923373 1.3189391969413444 1.103518254740535 1.0407671402212977 0.8094435755175942 0.6547063932285859 0.8350586606194232 0.6776511511879107 0.3847680407235731 0.0 0.3884447235139084 0.6673125980187732 0.9217127373553764 1.220210224227423 1.2473155116373449 0.9468444487513189 0.771265380067436 1.0818195115605684 1.0621289999896075 0.7318782873756744 0.9295215337573728 1.2268868762764942 1.1082787995685162 1.06599951736925 0.7682395134196738 0.7232314051483483 1.0033067920277914 0.8610118279541842 0.6696766306923038 0.3884447235139084 0.0 0.3872889187151673 0.6679610534442306 0.908291586880104 1.0012598630867076 0.7058820527893873 0.6322073438850679 0.9847960626331809 0.9655454571569535 0.7305525579728733 0.9906505016608753 1.2550596661368334 1.1773187858391538 1.2239992312476509 0.9562889611062462 1.000292220072957 1.2668410020656853 1.0687021035507651 0.9265806395927646 0.6673125980187732 0.3872889187151673 0.0 0.3875832478291615 0.6668675127744518 1.0435620685736315 0.7975037798998285 0.7787830018388993 1.1496785994338852 1.174648421789985 1.0100611651941058 1.2632367242115026 1.5242607832296104 1.480743312323666 1.5485189245419644 1.274132282694983 1.3172752455319618 1.5994806826050318 1.4040049353774067 1.2366620039723872 0.9217127373553764 0.6679610534442306 0.3875832478291615 0.0 0.3862106895250551 1.0428940058035427 0.8834302557423307 0.8493375078503217 1.19302169977352 1.301540527938158 1.2016372145091092 1.3966726881149565 1.6647701450368229 1.6882912617011478 1.7505627535153168 1.4643119959009039 1.5353412772674493 1.8452221712784815 1.676642199704247 1.5306576081035863 1.220210224227423 0.908291586880104 0.6668675127744518 0.3862106895250551 0.0
0.0 0.005776149985405674 0.04386519687186054 0.10534210608848357 0.06074594743113112 0.05745384858400082 0.045212282962025854 0.06429799613563418 0.07364703796236256 0.06295770251938242 0.05311476107696885 0.07967562785975803 0.09600849074277384 0.14614418408229674 0.18631199543453497 0.139510060555018 0.1799281789720964 0.1581848505091389 0.13408919063336505 0.18455280561253481 0.005776149985405674 0.0 0.0053151647658425515 0.016773497910951986 0.027262833373727167 0.025042376849221372 0.019638336881645145 0.027244058490923144 0.03416602388866689 0.03363671843473247 0.0323789443855763 0.04514272713791808 0.05482958404403528 0.10005205332631766 0.13014624482179665 0.06546448409562887 0.13264196466425743 0.10430954941206982 0.11307659925044625 0.13137146518965598 0.04386519687186054 0.0053151647658425515 0.0 0.005249710514921584 0.013526604541127581 0.01677718586311967 0.019061021477345706 0.017334409073856215 0.020991603993950142 0.027387840107488043 0.03115229122624847 0.040240208431026755 0.03529092143057978 0.07442813039371424 0.11267474987954884 0.06954590221445925 0.15297014830165323 0.05589439950744164 0.12607520929773505 0.13476501908445923 0.10534210608848357 0.016773497910951986 0.005249710514921584 0.0 0.00525967573548174 0.01349516662564244 0.02000932865885003 0.022849054371457053 0.01962096817853471 0.02786907546206996 0.03505946451499949 0.039325172115731624 0.03690653992196436 0.073295974701622 0.09025459357473734 0.04587866940976854 0.13654480074980263 0.04387830047527482 0.12934196336156603 0.15676360836230666 0.06074594743113112 0.027262833373727167 0.013526604541127581 0.00525967573548174 0.0 0.005245312324026829 0.014263985245338544 0.020202575322925218 0.021173313147837238 0.02282659705497996 0.02377599765679068 0.030329826458133896 0.053941950555874786 0.09829636882781949 0.10165435527020558 0.056731891383803267 0.10428826686641184 0.045961950051645765 0.14157692904732105 0.12731316149580055 0.05745384858400082 0.025042376849221372 0.01677718586311967 0.01349516662564244 0.005245312324026829 0.0 0.005258042082794682 0.014082218663420557 0.020116704980806595 0.026018147763393163 0.02344764749532134 0.03663835013045259 0.052060870097850806 0.08865714115959725 0.0991463063837823 0.04946660209883734 0.08807894917055033 0.048810635192588776 0.1546631420627605 0.10771468357386213 0.045212282962025854 0.019638336881645145 0.019061021477345706 0.02000932865885003 0.014263985245338544 0.005258042082794682 0.0 0.005248070745251217 0.015537059986255075 0.02753407104074742 0.035803597632651354 0.03767467491663594 0.038743459453888095 0.05768162528423271 0.0635017162058222 0.03996043908872114 0.09332353485145858 0.07616756853156018 0.1445638254259181 0.12337309054925272 0.06429799613563418 0.027244058490923144 0.017334409073856215 0.022849054371457053 0.020202575322925218 0.014082218663420557 0.005248070745251217 0.0 0.005284384737367427 0.023061575918854514 0.0300277138002857 0.029666020893522372 0.04860296576319646 0.07398231670314591 0.06084327764976111 0.0644511720633341 0.07558031304174993 0.05600353139428919 0.14960596115754538 0.12498115691224077 0.07364703796236256 0.03416602388866689 0.020991603993950142 0.01962096817853471 0.021173313147837238 0.020116704980806595 0.015537059986255075 0.005284384737367427 0.0 0.005658403949651164 0.024050587514679943 0.03958283200274594 0.07558348831895717 0.09653148217076571 0.08180262240088362 0.10602543321809917 0.04936789754904634 0.07201231822826465 0.16345496649702562 0.11597558015315668 0.06295770251938242 0.03363671843473247 0.027387840107488043 0.02786907546206996 0.02282659705497996 0.026018147763393163 0.02753407104074742 0.023061575918854514 0.005658403949651164 0.0 0.005393780366628011 0.02590996400313946 0.05359995618875189 0.06443750624534009 0.051481976861025326 0.08504039568430796 0.043733731487795274 0.10510862538241048 0.15330793419483357 0.11041511294403403 0.05311476107696885 0.0323789443855763 0.03115229122624847 0.03505946451499949 0.02377599765679068 0.02344764749532134 0.035803597632651354 0.0300277138002857 0.024050587514679943 0.005393780366628011 0.0 0.005279566412247772 0.01751103721818556 0.032103881323546864 0.06195280230479738 0.05871078319314207 0.05252459096651933 0.1258116578217365 0.14646353927470204 0.11030044799214281 0.07967562785975803 0.04514272713791808 0.040240208431026755 0.039325172115731624 0.030329826458133896 0.03663835013045259 0.03767467491663594 0.029666020893522372 0.03958283200274594 0.02590996400313946 0.005279566412247772 0.0 0.005270590045145722 0.021558292627664448 0.07877194804607728 0.07442619573050038 0.051571579529946156 0.12758576820744377 0.10675602698730083 0.09815032540938558 0.09600849074277384 0.05482958404403528 0.03529092143057978 0.03690653992196436 0.053941950555874786 0.052060870097850806 0.038743459453888095 0.04860296576319646 0.07558348831895717 0.05359995618875189 0.01751103721818556 0.005270590045145722 0.0 0.005297883355597504 0.026210672550921243 0.03835376898678757 0.040328397505766625 0.11156898341390475 0.11438548896562675 0.09368783521463436 0.14614418408229674 0.10005205332631766 0.07442813039371424 0.073295974701622 0.09829636882781949 0.08865714115959725 0.05768162528423271 0.07398231670314591 0.09653148217076571 0.06443750624534009 0.032103881323546864 0.021558292627664448 0.005297883355597504 0.0 0.00534314033073876 0.07228121992741951 0.041133631516252024 0.0818668740874176 0.11747315676396282 0.09230673850435486 0.18631199543453497 0.13014624482179665 0.11267474987954884 0.09025459357473734 0.10165435527020558 0.0991463063837823 0.0635017162058222 0.06084327764976111 0.08180262240088362 0.051481976861025326 0.06195280230479738 0.07877194804607728 0.026210672550921243 0.00534314033073876 0.0 0.005582064526737916 0.029076300576205905 0.04391672721589706 0.04329309515974936 0.050849392597388667 0.139510060555018 0.06546448409562887 0.06954590221445925 0.04587866940976854 0.056731891383803267 0.04946660209883734 0.03996043908872114 0.0644511720633341 0.10602543321809917 0.08504039568430796 0.05871078319314207 0.07442619573050038 0.03835376898678757 0.07228121992741951 0.005582064526737916 0.0 0.005313899355824733 0.02157816295414921 0.046726708573711376 0.05531067601512033 0.1799281789720964 0.13264196466425743 0.15297014830165323 0.13654480074980263 0.10428826686641184 0.08807894917055033 0.09332353485145858 0.07558031304174993 0.04936789754904634 0.043733731487795274 0.05252459096651933 0.051571579529946156 0.040328397505766625 0.041133631516252024 0.029076300576205905 0.005313899355824733 0.0 0.005353778602818247 0.02258002614329805 0.05112937134632893 0.1581848505091389 0.10430954941206982 0.05589439950744164 0.04387830047527482 0.045961950051645765 0.048810635192588776 0.07616756853156018 0.05600353139428919 0.07201231822826465 0.10510862538241048 0.1258116578217365 0.12758576820744377 0.11156898341390475 0.0818668740874176 0.04391672721589706 0.02157816295414921 0.005353778602818247 0.0 0.005429376925479232 0.03092035481935303 0.13408919063336505 0.11307659925044625 0.12607520929773505 0.12934196336156603 0.14157692904732105 0.1546631420627605 0.1445638254259181 0.14960596115754538 0.16345496649702562 0.15330793419483357 0.14646353927470204 0.10675602698730083 0.11438548896562675 0.11747315676396282 0.04329309515974936 0.046726708573711376 0.02258002614329805 0.005429376925479232 0.0 0.0055712660958965685 0.18455280561253481 0.13137146518965598 0.13476501908445923 0.15676360836230666 0.12731316149580055 0.10771468357386213 0.12337309054925272 0.12498115691224077 0.11597558015315668 0.11041511294403403 0.11030044799214281 0.09815032540938558 0.09368783521463436 0.09230673850435486 0.050849392597388667 0.05531067601512033 0.05112937134632893 0.03092035481935303 0.0055712660958965685 0.0
